$SPEC_ID:
No sample description was entered.
$SPEC_REM:
DET# 1
DETDESC# PHYS480-PC1 MCB 129
AP# Maestro Version 6.08
$DATE_MEA:
10/29/2015 13:04:41
$MEAS_TIM:
182 191
$DATA:
0 2047
       0
       0
       3
      27
     147
     300
    2403
   13617
    3140
    2683
    2524
    2517
    2354
    2476
    2433
    2361
    2431
    2354
    2305
    2154
    2176
    2108
    2145
    2147
    2154
    2187
    2220
    2243
    2432
    2478
    2446
    2718
    2776
    2944
    3135
    3437
    3642
    4111
    4351
    5039
    5380
    6297
    6764
    7348
    7928
    8144
    8744
    9036
    9041
    9273
    9129
    9243
    8890
    8870
    8481
    8168
    7989
    7704
    7448
    7135
    6907
    6698
    6462
    6067
    5898
    5617
    5348
    4957
    4854
    4715
    4309
    4181
    3975
    3656
    3492
    3330
    3202
    3130
    2803
    2785
    2634
    2476
    2481
    2338
    2347
    2165
    2033
    1967
    2047
    1944
    1973
    1839
    1893
    1856
    1792
    1769
    1763
    1783
    1815
    1800
    1810
    1834
    1771
    1727
    1768
    1742
    1814
    1694
    1757
    1768
    1688
    1759
    1813
    1654
    1686
    1720
    1780
    1796
    1698
    1840
    1723
    1779
    1679
    1768
    1725
    1738
    1718
    1713
    1808
    1769
    1707
    1845
    1753
    1661
    1723
    1758
    1738
    1758
    1774
    1728
    1752
    1785
    1739
    1800
    1730
    1697
    1766
    1700
    1713
    1781
    1759
    1728
    1684
    1732
    1772
    1752
    1708
    1726
    1799
    1725
    1745
    1757
    1783
    1700
    1743
    1681
    1759
    1729
    1665
    1702
    1710
    1745
    1772
    1784
    1814
    1805
    1729
    1756
    1625
    1811
    1726
    1763
    1722
    1831
    1764
    1768
    1724
    1715
    1772
    1853
    1782
    1793
    1787
    1829
    1743
    1775
    1794
    1814
    1793
    1807
    1911
    1898
    1819
    1928
    1883
    1880
    1851
    1956
    1934
    1854
    1881
    1892
    1886
    1859
    1960
    1929
    1922
    1956
    1970
    1913
    1883
    2120
    1875
    1960
    1987
    2042
    1986
    2016
    2007
    2010
    2057
    1977
    2097
    2027
    2016
    2020
    2110
    2012
    2074
    1992
    2026
    2027
    2003
    1964
    1979
    1917
    1959
    1916
    1879
    1971
    1895
    1971
    2008
    1962
    2036
    1995
    1971
    1964
    1939
    1921
    1946
    2022
    1998
    1960
    1932
    2057
    1926
    1981
    1896
    1895
    1867
    1938
    1905
    1973
    1946
    1927
    1979
    1878
    2038
    1880
    1934
    1995
    1910
    1956
    1964
    1942
    1949
    1938
    1922
    1888
    1958
    1952
    1874
    1948
    1940
    1821
    1848
    1857
    1918
    1826
    1963
    1917
    1852
    1879
    1784
    1846
    1831
    1885
    1797
    1848
    1776
    1833
    1849
    1867
    1877
    1866
    1838
    1848
    1812
    1851
    1877
    1889
    1838
    1851
    1820
    1948
    1797
    1749
    1835
    1815
    1774
    1850
    1761
    1740
    1784
    1760
    1735
    1736
    1749
    1718
    1821
    1742
    1751
    1707
    1754
    1734
    1744
    1712
    1700
    1707
    1818
    1675
    1680
    1719
    1662
    1627
    1718
    1701
    1668
    1678
    1685
    1693
    1647
    1694
    1639
    1687
    1683
    1682
    1674
    1711
    1673
    1667
    1617
    1664
    1681
    1719
    1692
    1702
    1597
    1614
    1628
    1577
    1577
    1596
    1631
    1623
    1656
    1617
    1598
    1597
    1603
    1622
    1653
    1535
    1614
    1516
    1651
    1551
    1557
    1559
    1509
    1592
    1551
    1541
    1568
    1534
    1546
    1658
    1555
    1552
    1577
    1553
    1606
    1503
    1670
    1640
    1565
    1527
    1624
    1533
    1579
    1528
    1591
    1607
    1516
    1550
    1588
    1553
    1516
    1599
    1521
    1524
    1615
    1528
    1569
    1492
    1499
    1508
    1551
    1606
    1574
    1601
    1535
    1538
    1539
    1528
    1529
    1565
    1559
    1518
    1528
    1544
    1508
    1519
    1509
    1558
    1614
    1505
    1574
    1558
    1544
    1610
    1531
    1539
    1602
    1511
    1528
    1594
    1549
    1502
    1550
    1473
    1521
    1527
    1474
    1443
    1513
    1490
    1533
    1469
    1472
    1509
    1581
    1466
    1500
    1531
    1409
    1523
    1547
    1491
    1522
    1507
    1502
    1538
    1532
    1575
    1528
    1511
    1492
    1512
    1474
    1501
    1431
    1499
    1439
    1472
    1441
    1416
    1437
    1410
    1489
    1402
    1436
    1344
    1435
    1423
    1438
    1359
    1381
    1397
    1397
    1419
    1366
    1373
    1406
    1323
    1389
    1306
    1364
    1286
    1351
    1281
    1338
    1275
    1336
    1282
    1243
    1277
    1301
    1305
    1283
    1223
    1203
    1249
    1266
    1183
    1227
    1197
    1227
    1167
    1219
    1143
    1204
    1177
    1186
    1185
    1143
    1173
    1157
    1139
    1169
    1126
    1067
    1066
    1123
    1090
    1144
    1086
    1015
    1073
    1068
    1120
    1091
     988
    1053
    1041
    1040
    1007
    1009
    1032
    1067
     991
     987
     964
     940
     985
    1003
    1001
     929
     974
     989
     947
     902
     934
     974
     941
     944
     904
     926
     926
     939
     937
     855
     870
     926
     841
     855
     931
     872
     861
     860
     801
     890
     856
     847
     879
     864
     861
     876
     854
     842
     822
     820
     794
     825
     782
     743
     797
     831
     806
     826
     775
     788
     735
     813
     787
     762
     802
     800
     782
     773
     757
     769
     821
     803
     786
     769
     797
     793
     845
     737
     801
     770
     851
     787
     816
     801
     830
     768
     821
     812
     818
     840
     824
     845
     837
     895
     818
     881
     812
     816
     880
     878
     883
     917
     892
     917
     964
     941
     877
     968
    1000
    1032
    1008
    1025
     999
    1043
    1030
    1094
    1078
    1091
    1128
    1142
    1161
    1210
    1142
    1175
    1165
    1224
    1237
    1245
    1267
    1257
    1259
    1287
    1324
    1299
    1347
    1403
    1443
    1423
    1431
    1396
    1471
    1497
    1508
    1466
    1512
    1481
    1594
    1549
    1472
    1551
    1555
    1533
    1557
    1638
    1583
    1567
    1638
    1590
    1576
    1624
    1644
    1541
    1598
    1599
    1581
    1643
    1624
    1588
    1603
    1599
    1603
    1529
    1594
    1605
    1513
    1489
    1553
    1501
    1461
    1551
    1505
    1534
    1501
    1503
    1527
    1513
    1389
    1455
    1495
    1397
    1414
    1436
    1455
    1415
    1377
    1356
    1415
    1425
    1367
    1360
    1373
    1390
    1285
    1290
    1254
    1248
    1288
    1201
    1310
    1288
    1278
    1172
    1197
    1241
    1243
    1238
    1231
    1153
    1245
    1189
    1126
    1195
    1147
    1063
    1140
    1067
    1143
    1130
    1133
    1133
    1108
    1078
    1137
    1089
    1048
    1101
    1092
    1103
    1030
    1028
    1046
    1066
    1047
    1021
    1076
    1029
    1031
    1069
    1073
    1056
    1042
    1026
     999
     955
     957
     965
    1057
     986
    1000
     937
     975
     970
     964
     988
     930
     977
     928
     935
     978
     966
     861
     940
     909
     962
     893
     930
     927
     936
     910
     925
     958
     844
     927
     905
     935
     861
     898
     899
     910
     874
     897
     871
     844
     884
     883
     864
     871
     833
     920
     842
     862
     936
     844
     857
     830
     791
     850
     819
     797
     809
     859
     840
     814
     856
     876
     783
     885
     809
     845
     822
     845
     796
     794
     772
     767
     805
     759
     767
     756
     797
     766
     767
     775
     762
     751
     780
     748
     742
     727
     800
     748
     735
     745
     736
     776
     755
     752
     727
     712
     743
     720
     759
     714
     695
     761
     749
     717
     682
     749
     759
     696
     702
     697
     704
     739
     777
     730
     713
     676
     702
     717
     716
     696
     705
     738
     687
     682
     713
     704
     658
     669
     677
     677
     657
     686
     720
     677
     643
     695
     713
     680
     676
     661
     683
     648
     685
     684
     632
     677
     695
     644
     630
     653
     670
     657
     681
     632
     647
     634
     724
     695
     631
     648
     635
     638
     678
     612
     635
     638
     684
     585
     589
     679
     626
     627
     620
     615
     658
     639
     577
     591
     626
     633
     601
     606
     618
     650
     614
     676
     627
     617
     585
     573
     589
     603
     635
     578
     607
     583
     603
     579
     559
     641
     585
     585
     573
     624
     591
     577
     564
     551
     566
     576
     522
     564
     542
     530
     554
     537
     555
     520
     532
     529
     509
     556
     545
     570
     556
     534
     575
     502
     502
     542
     465
     511
     526
     517
     527
     506
     497
     520
     558
     491
     498
     540
     472
     527
     485
     487
     466
     492
     492
     458
     477
     496
     481
     467
     454
     468
     431
     480
     432
     429
     433
     461
     450
     439
     443
     452
     418
     421
     394
     443
     419
     415
     408
     395
     446
     364
     382
     388
     427
     374
     415
     372
     402
     384
     376
     352
     356
     351
     378
     381
     365
     364
     374
     354
     378
     344
     358
     372
     363
     337
     302
     328
     335
     330
     304
     315
     333
     317
     323
     281
     278
     277
     259
     306
     310
     273
     290
     292
     256
     279
     268
     286
     261
     243
     275
     276
     278
     272
     277
     240
     260
     257
     254
     271
     255
     266
     243
     225
     236
     230
     225
     247
     222
     228
     213
     235
     216
     202
     198
     198
     207
     194
     207
     198
     187
     208
     214
     195
     181
     184
     200
     189
     181
     180
     195
     155
     195
     160
     184
     164
     178
     178
     181
     157
     182
     185
     168
     159
     176
     145
     149
     146
     142
     133
     141
     130
     134
     149
     143
     124
     144
     132
     138
     139
     123
     129
     136
     132
     139
     123
     128
     137
     122
     109
     121
     111
     117
     122
     110
      93
     124
     121
      96
     110
     100
      94
      86
      99
      95
      87
      82
      84
     103
      73
      91
      88
      95
      87
      69
      82
      65
      92
      56
      83
      63
      47
      74
      62
      79
      71
      78
      69
      47
      63
      51
      52
      51
      60
      54
      64
      49
      49
      51
      60
      53
      44
      45
      46
      51
      39
      43
      33
      39
      54
      27
      42
      47
      35
      31
      34
      34
      33
      23
      36
      31
      27
      25
      30
      33
      30
      22
      27
      25
      22
      27
      23
      33
      27
      17
      22
      11
      12
      14
      16
      10
      16
      17
      19
      14
      13
      16
      19
      19
      11
      10
      14
      14
      13
      14
      10
      15
      12
      13
      13
       9
       8
      10
       9
      15
      17
      11
       8
      12
      10
       8
      11
      10
       5
      16
      11
       2
       7
      10
       8
       5
       9
       9
       4
       5
       9
       4
       5
       6
      14
       5
       3
       7
       8
       4
       7
      12
       3
      10
       6
       5
       9
       6
       9
       4
       6
       6
       1
       6
       8
       5
       3
       2
      10
       9
       1
       3
       9
       4
       5
       3
       2
       6
       7
       6
       4
       6
       7
       4
       4
       5
       5
       4
       4
       7
       3
       7
       2
       2
       4
       4
       2
       6
       5
       3
       6
       2
       1
       4
       5
       4
       4
       7
       4
       2
       5
       2
       5
       2
       6
       8
       3
       8
       5
       5
       1
       2
       4
       6
       3
       3
       3
       3
       1
       3
       6
       3
       2
       6
       6
       5
       3
       2
       1
       6
       5
       1
       4
       3
       2
       7
       4
      10
       1
       5
       2
       3
       5
       7
       6
       7
       2
       1
       2
       8
       5
       4
       5
       3
       7
       5
       1
       5
       8
       4
       1
       2
       3
       4
       3
       1
       2
       2
       2
       3
       4
       2
       3
       1
       2
       5
       4
       6
       4
       2
       6
       4
       1
       8
       2
       3
       5
       2
       3
       4
       3
       4
       3
       4
       2
       5
       5
       5
       0
       3
       3
       3
       2
       2
       7
       5
       7
       3
       3
       2
       3
       1
       0
       2
       4
       2
       5
       2
       1
       2
       3
       3
       1
       2
       2
       1
       3
       4
       4
       5
       1
       2
       2
       0
       1
       2
       2
       2
       2
       3
       4
       6
       3
       3
       4
       4
       1
       3
       2
       3
       6
       1
       1
       3
       2
       4
       2
       5
       5
       0
       2
       2
       4
       3
       1
       1
       3
       4
       2
       0
       2
       4
       1
       1
       2
       0
       1
       3
       2
       1
       8
       2
       3
       1
       0
       6
       2
       2
       5
       2
       3
       2
       1
       3
       2
       2
       7
       1
       3
       7
       1
       2
       5
       1
       0
       3
       2
       1
       1
       3
       1
       6
       2
       1
       2
       2
       3
       0
       1
       1
       0
       1
       1
       1
       2
       2
       2
       3
       2
       0
       1
       2
       3
       3
       0
       3
       2
       0
       0
       1
       0
       2
       2
       5
       1
       2
       2
       1
       2
       1
       1
       5
       0
       4
       0
       4
       1
       2
       2
       1
       4
       1
       2
       3
       1
       4
       0
       3
       1
       3
       1
       2
       1
       1
       1
       4
       1
       0
       2
       2
       0
       3
       2
       3
       3
       0
       0
       2
       1
       1
       0
       2
       1
       1
       2
       3
       1
       0
       1
       1
       0
       4
       2
       1
       2
       2
       0
       0
       2
       0
       1
       0
       0
       1
       2
       1
       1
       0
       3
       0
       1
       0
       0
       0
       3
       3
       2
       1
       2
       0
       1
       0
       3
       0
       1
       0
       4
       1
       2
       1
       3
       1
       2
       2
       0
       3
       0
       3
       1
       0
       0
       2
       0
       1
       1
       2
       2
       3
       0
       3
       0
       1
       2
       2
       2
       1
       3
       1
       0
       2
       0
       0
       2
       2
       1
       0
       0
       3
       1
       2
       0
       1
       0
       3
       0
       1
       0
       0
       0
       0
       2
       0
       1
       1
       1
       3
       0
       1
       3
       0
       1
       1
       2
       1
       3
       1
       1
       1
       1
       0
       1
       1
       0
       1
       0
       1
       0
       0
       1
       0
       1
       0
       1
       1
       0
       3
       4
       0
       0
       2
       1
       1
       1
       3
       0
       2
       0
       1
       2
       0
       1
       3
       0
       2
       1
       0
       1
       1
       1
       1
       1
       1
       0
       1
       1
       0
       1
       2
       0
       1
       1
       0
       0
       0
       2
       0
       2
       2
       0
       1
       0
       0
       2
       0
       1
       2
       0
       1
       0
       1
       2
       2
       0
       3
       2
       1
       0
       0
       1
       0
       0
       2
       0
       0
       1
       0
       0
       1
       0
       1
       0
       0
       1
       1
       1
       1
       1
       1
       1
       0
       0
       0
       1
       0
       0
       0
       0
       0
       0
       0
       0
       0
       0
       0
       0
       0
       1
       0
       0
       0
       0
       0
       0
       0
       0
       0
       0
       0
       0
       0
       0
       0
       0
       0
       0
       0
       0
       0
       0
       0
       0
       0
       0
       0
       0
       0
       0
       0
       0
       0
       0
       0
       0
       0
       0
       0
       0
       0
       0
       0
       0
       0
       0
       0
       0
       0
       0
       0
       0
       0
       0
       0
       0
       0
       0
       0
       0
       0
       0
       0
       0
       0
       0
       0
       0
       0
       0
       0
       0
       0
       0
       0
       0
       0
       0
       0
       0
       0
       0
       0
       0
       0
       0
$ROI:
0
$PRESETS:
None
0
0
$ENER_FIT:
0.000000 0.759287
$MCA_CAL:
3
0.000000E+000 7.592868E-001 0.000000E+000 keV
$SHAPE_CAL:
3
0.000000E+000 0.000000E+000 0.000000E+000
