$SPEC_ID:
No sample description was entered.
$SPEC_REM:
DET# 1
DETDESC# PHYS480-PC1 MCB 129
AP# Maestro Version 6.08
$DATE_MEA:
11/05/2015 15:26:49
$MEAS_TIM:
299 300
$DATA:
0 2047
       0
       0
       0
       0
       0
       0
     313
    1448
     373
     272
     297
     351
     397
     206
      64
      44
      34
      37
      42
      44
      38
      39
      42
      46
      48
      43
      52
      60
      35
      45
      46
      45
      33
      46
      48
      53
      56
      58
      51
      76
      86
      90
      95
      72
      86
     105
     109
      89
      99
      86
      72
      82
      78
      72
      66
      63
      72
      58
      54
      61
      58
      53
      42
      51
      45
      44
      60
      48
      48
      51
      63
      49
      62
      66
      67
      64
      59
      62
      64
      53
      65
      61
      71
      68
      65
      71
      77
      70
      65
      59
      79
      73
      79
      79
      71
      97
      88
      85
      91
      92
      78
      87
      92
      89
      84
      96
     107
      85
     101
     112
      98
     101
     114
     116
      95
      83
      99
     110
      87
     120
     106
     122
     117
     118
     104
     105
     108
     108
     106
      91
      88
      88
      98
     111
     108
      96
     112
     117
     106
     111
      98
     108
     124
      92
     103
     105
     138
      85
      96
     121
      89
      91
     103
      93
     116
     104
      97
      99
     103
      76
      90
     108
      97
      99
      97
     123
      92
     106
     108
     100
      89
     125
      89
     114
      91
      95
     103
     103
     129
     108
      97
     106
      96
     100
     108
     109
      98
      86
      78
      92
      94
      95
      87
     109
     112
      81
     100
      87
      81
      97
     106
     116
     101
     122
      94
     102
      88
      80
      91
     110
     100
      71
      90
      84
     110
      90
     106
     112
     104
      83
      85
     101
      92
      90
     102
      82
     118
      90
      90
      94
      85
      79
      99
      99
      99
      91
     109
     100
     105
      95
      89
     110
     109
      77
      97
      85
     103
      80
      80
      95
      90
      94
      87
     102
      89
      86
      89
     103
      86
      96
     103
      80
     101
     100
      99
      93
      97
      90
      98
      95
      93
     110
      91
     108
      90
      99
     109
      94
      98
      90
     102
     110
      92
     103
      86
      90
     100
     107
      99
      99
      97
     104
      72
      93
     106
      93
      88
      89
      90
      95
      79
      87
      90
      98
     102
      83
      78
      72
      88
      79
      75
      82
      91
      63
      76
      61
      73
      60
      81
      66
      71
      84
      65
      67
      64
      56
      64
      63
      55
      62
      75
      58
      50
      59
      48
      49
      54
      49
      55
      57
      49
      50
      48
      52
      44
      53
      43
      44
      41
      44
      42
      38
      43
      50
      40
      48
      34
      53
      37
      42
      36
      29
      64
      47
      54
      44
      32
      30
      42
      50
      46
      47
      39
      37
      45
      38
      42
      51
      37
      35
      48
      34
      42
      34
      41
      34
      38
      33
      26
      28
      32
      38
      29
      33
      43
      40
      44
      36
      37
      37
      30
      25
      29
      34
      27
      38
      28
      37
      31
      43
      32
      19
      29
      47
      24
      31
      37
      32
      41
      36
      39
      27
      36
      40
      35
      38
      26
      30
      32
      37
      33
      24
      26
      43
      31
      40
      34
      38
      27
      21
      30
      39
      39
      37
      31
      32
      30
      33
      29
      36
      44
      36
      32
      31
      29
      27
      31
      36
      12
      19
      28
      34
      21
      18
      33
      25
      36
      25
      21
      30
      24
      31
      22
      40
      31
      33
      37
      30
      31
      21
      22
      32
      34
      22
      32
      25
      27
      37
      25
      24
      24
      26
      30
      31
      32
      26
      26
      19
      27
      30
      28
      29
      27
      24
      33
      23
      30
      29
      26
      29
      31
      34
      26
      30
      32
      23
      27
      37
      28
      27
      17
      34
      21
      29
      19
      24
      29
      26
      21
      29
      26
      24
      32
      26
      27
      30
      28
      24
      29
      21
      31
      35
      17
      18
      25
      20
      21
      23
      25
      28
      29
      33
      26
      29
      40
      28
      25
      29
      27
      39
      29
      27
      27
      31
      25
      21
      29
      33
      27
      31
      29
      26
      31
      24
      19
      23
      18
      17
      29
      31
      20
      16
      20
      22
      22
      26
      23
      25
      21
      31
      19
      19
      31
      23
      17
      24
      26
      28
      16
      19
      29
      21
      22
      18
      22
      15
      19
      24
      20
      25
      28
      18
      17
      25
      27
      15
      19
      19
      29
      20
      24
      27
      23
      17
      25
      23
      21
      18
      20
      24
      20
      22
      17
      22
      20
      15
      21
      24
      13
      21
      26
      21
      24
      27
      13
      13
      20
      18
      23
      17
      16
      18
      21
      17
      27
      24
      17
      19
      22
      24
      15
      14
      21
      18
      26
      14
      22
      23
      27
      19
      27
      18
      16
      15
      23
      14
      17
      18
      23
      20
      19
      17
      14
      22
      19
      15
      21
      21
      21
      23
      17
      20
      28
      13
      16
      19
      21
      15
      27
      14
      17
      14
      15
       7
      25
      14
      16
      19
      13
      20
      16
      21
      18
      14
      18
      23
      22
      25
      21
      22
      14
      21
      22
      14
      26
      15
      26
      16
      16
      20
      16
      20
      27
      22
      15
      22
      21
      17
      25
      28
      22
      21
      30
      17
      24
      24
      20
      25
      22
      19
      12
      29
      19
      28
      22
      21
      20
      21
      27
      26
      35
      21
      24
      15
      21
      21
      23
      28
      26
      27
      25
      24
      20
      22
      25
      29
      21
      26
      33
      29
      29
      22
      28
      28
      23
      19
      24
      25
      29
      32
      29
      31
      32
      27
      39
      30
      38
      26
      27
      39
      29
      31
      26
      35
      36
      31
      28
      26
      28
      34
      31
      28
      41
      20
      34
      24
      33
      37
      39
      37
      33
      25
      27
      27
      36
      27
      24
      22
      38
      23
      34
      23
      31
      21
      25
      22
      19
      29
      17
      31
      19
      28
      29
      26
      25
      34
      29
      19
      28
      18
      25
      27
      25
      26
      22
      14
      17
      20
      24
      23
      22
      26
      19
      23
      18
      19
      17
      22
      19
      15
      15
      27
      19
      17
      14
      16
      20
      11
      14
      12
      15
      14
      25
      18
      22
      20
      13
      18
      14
      12
       9
      17
      11
      13
      16
      20
      23
      19
      19
      14
      11
      12
      22
       9
      13
      16
      16
      10
      11
      13
      12
      11
      10
      12
      13
      11
      10
      11
       5
      14
      19
      14
      18
      14
      14
      14
      13
      13
      14
      10
      10
      14
      20
      16
      11
      14
      17
      15
       8
       9
      11
      15
      12
      13
      13
      11
      23
      22
      14
      15
      12
      16
      17
       9
       6
      20
      19
       9
       9
       6
      16
      14
      13
      10
      26
      17
      14
      13
      12
      19
      17
      16
      17
      10
      14
      16
      18
      16
       9
      13
      11
      14
      13
      15
      12
      13
      11
      12
      14
      14
      13
      13
      16
      10
      19
      12
      12
       8
       8
      17
      16
      11
      16
      15
      15
      17
       7
      12
      13
      18
      17
      11
      11
      12
      11
      13
      20
      14
      14
      21
      13
      13
      15
      12
      11
      20
       8
      11
      10
      11
      11
      16
       9
      14
      13
      11
      16
       9
      23
      14
      18
      14
      14
      14
      14
      16
      10
      14
      17
      19
      22
      13
      14
      16
      19
      16
      15
      20
      13
      16
      13
       4
      18
      12
       9
      17
      10
      10
      16
       9
      14
      13
      12
       7
      12
      13
       7
      21
      18
      12
      20
      14
      11
      17
       6
      10
      17
       9
       8
       8
      15
       9
      10
      13
      11
      16
      14
      14
      11
      16
      13
      15
      10
      12
       9
       8
      12
      18
      10
      11
      15
      12
      13
      12
      11
      12
       7
      15
      14
      14
      15
       7
       9
      13
      12
      12
      16
      15
      11
      16
       9
       7
      10
      12
       9
      13
       9
      18
       8
       7
      14
      14
      14
       7
      11
      16
      10
      12
      12
      18
       9
      21
      13
      17
      14
      15
      13
      11
       9
      10
      14
      14
      10
      13
      14
       8
      11
       9
      13
      12
       5
       6
       8
       8
      11
       7
       8
      11
       8
       8
      16
      13
      13
      10
      12
      20
      15
       9
      10
      14
      11
       8
       9
       3
       6
       9
      10
      15
       9
       7
       6
      14
       9
       9
      13
       7
       8
       6
      11
       7
      10
      11
       8
       9
       7
      11
       6
      12
       7
       5
       7
       5
      13
       8
      11
       5
       9
       9
       8
       7
       7
       9
       8
       7
       8
      11
      12
      10
       7
       6
      12
       8
       7
       6
       8
       7
      10
      12
       5
      12
       8
       8
       7
       6
       5
       5
       8
       7
       5
      17
       9
      14
       8
       7
       9
      11
       7
      11
       8
       9
      11
      10
       7
       6
      14
      10
       7
      14
      10
       8
       9
       9
       6
       7
      11
       8
       7
       8
       8
      13
       9
       3
      10
       6
       9
       1
      12
       8
       7
       6
       9
      13
      15
      12
       8
      12
       5
      10
       8
      10
       4
      10
       9
       7
       5
      11
       7
       7
       8
       7
       9
       9
       4
       8
       3
       5
       8
       5
       8
       4
       7
       7
       8
       8
       8
       3
       7
      10
       5
       3
      13
       6
       9
       4
      11
       4
      11
      12
      11
       9
       8
       7
      10
       6
      14
       9
       7
       9
       7
       8
      11
       5
      14
       6
      10
       8
       9
       9
       9
      12
      14
      13
      15
       9
      10
       8
       7
      12
      10
      15
       6
       6
       7
       8
       6
      12
       7
       9
      11
      14
       7
      11
      11
       7
       5
      13
      11
      11
      11
      11
      12
      10
       8
      11
      12
       9
      15
      14
      12
      12
       9
      12
      10
       9
       8
      11
      14
       7
       5
      12
       6
       6
      14
      11
      12
      11
       6
       8
      11
      11
       6
      13
       7
       3
      10
      11
       9
      10
      14
      13
      13
      10
       9
       8
       9
       9
       5
       7
       5
       7
       9
       9
       9
       7
       6
       5
       9
      15
       9
       8
       9
       8
       6
      11
       7
       5
       7
       4
       7
       8
       4
       8
       4
       2
       4
       2
      10
       9
       2
       6
      10
       3
       7
       4
       4
       3
       4
      10
       6
       4
       6
       6
       3
       5
       3
       1
       6
       7
       5
       4
       4
       3
       5
       4
       4
       2
       1
       2
       4
       3
       4
       2
       2
       7
       0
       2
       5
       4
       2
       2
       5
       2
       3
       6
       3
       2
       4
       3
       4
       6
       4
       5
       4
       4
       1
       5
       3
       5
       5
       5
       5
       3
       5
       2
       3
       7
       2
       3
       2
       3
       4
       6
       3
       4
       7
       2
       6
       3
       7
       4
       2
      10
      11
       3
       4
       7
       3
       4
       4
       6
       5
       7
       6
       3
       5
       6
       6
       7
       7
       6
       5
       6
       6
       9
       1
       4
       5
       6
       5
       6
       4
      12
       8
       8
       5
       7
      10
       7
       4
       8
       7
       6
       7
       3
       6
       6
       5
       6
       9
       5
      12
      11
       4
       8
       5
       8
       6
       4
      10
       8
       3
       5
       8
       5
       5
       4
       5
       6
       7
       6
       2
       2
       6
       3
       6
       8
       3
       3
       3
       5
       3
       6
       5
       8
       3
       2
       5
       6
       1
       7
       3
       2
       3
       5
       7
       4
       2
       5
       3
       3
       6
       1
       5
       2
       3
       0
       5
       0
       2
       3
       0
       2
       3
       4
       3
       3
       1
       1
       2
       3
       1
       2
       1
       4
       2
       3
       0
       1
       0
       1
       1
       3
       1
       1
       2
       2
       0
       0
       2
       1
       1
       2
       1
       0
       0
       0
       3
       0
       1
       0
       0
       3
       0
       0
       0
       1
       0
       1
       0
       1
       0
       0
       0
       0
       0
       0
       0
       0
       0
       0
       0
       2
       0
       0
       0
       0
       0
       0
       1
       0
       0
       0
       1
       0
       0
       0
       1
       0
       0
       0
       1
       0
       0
       0
       0
       0
       0
       0
       1
       0
       0
       0
       0
       0
       0
       0
       0
       0
       0
       0
       1
       0
       0
       0
       1
       1
       0
       0
       0
       0
       0
       0
       0
       0
       0
       0
       0
       0
       0
       0
       0
       0
       0
       0
       0
       2
       0
       0
       0
       0
       1
       1
       0
       0
       0
       1
       0
       0
       0
       0
       0
       0
       0
       0
       0
       0
       0
       0
       0
       0
       0
       0
       0
       0
       0
       0
       0
       0
       0
       0
       0
       0
       0
       0
       0
       1
       0
       0
       0
       0
       1
       0
       0
       0
       0
       0
       0
       0
       0
       0
       0
       0
       0
       0
       0
       0
       0
       0
       0
       0
       0
       0
       0
       0
       0
       0
       0
       0
       0
       0
       0
       0
       0
       1
       0
       1
       0
       0
       0
       1
       0
       0
       0
       0
       0
       0
       0
       0
       0
       0
       0
       0
       0
       0
       0
       0
       0
       0
       0
       0
       0
       0
       0
       0
       0
       0
       1
       0
       0
       0
       0
       0
       0
       0
       1
       0
       0
       0
       0
       0
       0
       0
       0
       0
       0
       0
       0
       0
       0
       0
       0
       0
       0
       0
       0
       0
       0
       0
       0
       0
       0
       0
       0
       0
       0
       0
       0
       0
       0
       0
       0
       0
       0
       0
       0
       0
       0
       0
       0
       0
       0
       0
       0
       0
       0
       0
       0
       0
       0
       0
       0
       0
       0
       0
       0
       0
       0
       0
       0
       0
       0
       0
       0
       0
       0
       0
       0
       0
       0
       0
       0
       0
       0
       0
       0
       0
       0
       0
       0
       0
       0
       0
       0
       0
       0
       0
       0
       0
       0
       0
       0
       0
       0
       0
       0
       0
       0
       0
       0
       0
       0
       0
       0
       0
       0
       0
       0
       0
       0
       0
       0
       0
       0
       0
       0
       0
       0
       0
       0
       0
       0
       0
       0
       0
       0
       0
       0
       0
$ROI:
2
1231 1234
2040 2046
$PRESETS:
Real Time
300
0
$ENER_FIT:
0.000000 1.851449
$MCA_CAL:
3
0.000000E+000 1.851449E+000 0.000000E+000 keV
$SHAPE_CAL:
3
0.000000E+000 0.000000E+000 0.000000E+000
