$SPEC_ID:
No sample description was entered.
$SPEC_REM:
DET# 1
DETDESC# PHYS480-PC1 MCB 129
AP# Maestro Version 6.08
$DATE_MEA:
11/05/2015 15:12:24
$MEAS_TIM:
299 300
$DATA:
0 2047
       0
       0
       0
       0
       0
       1
     290
    1636
     608
     530
     497
     442
     479
     525
     337
      83
      61
      75
      58
      60
      52
      77
      54
      79
      62
      51
      67
      55
      65
      78
      69
      60
      74
      69
      63
      90
      98
     107
      80
     104
      95
     106
     134
     103
     126
     122
     124
     117
     132
      98
     101
     106
     122
     100
      98
      95
      81
      89
      96
      92
      68
     106
      83
      84
      86
      82
      85
      82
      88
      71
      95
      69
      88
      82
      74
      92
     106
      87
     108
     100
      95
      90
     103
     108
      99
     118
     104
     109
      91
     111
     100
     110
     119
     109
     103
     119
     115
     112
     142
     139
     130
     127
     141
     135
     140
     131
     153
     115
     149
     141
     138
     150
     145
     143
     167
     141
     148
     146
     125
     149
     149
     160
     143
     141
     159
     165
     163
     158
     163
     158
     163
     185
     164
     141
     178
     172
     144
     162
     167
     177
     167
     175
     165
     168
     185
     166
     151
     162
     173
     191
     182
     166
     180
     201
     177
     188
     195
     153
     195
     173
     164
     170
     166
     139
     175
     185
     155
     201
     184
     183
     170
     166
     171
     161
     157
     216
     187
     170
     189
     171
     172
     158
     159
     181
     151
     146
     165
     165
     180
     193
     146
     157
     161
     172
     178
     135
     139
     150
     152
     161
     142
     164
     171
     162
     153
     155
     172
     167
     163
     162
     143
     150
     151
     137
     161
     152
     149
     153
     159
     146
     142
     147
     139
     148
     140
     128
     135
     141
     145
     146
     127
     149
     133
     118
     104
     129
     139
     146
     136
     148
     146
     134
     147
     138
     132
     146
     139
     137
     141
     138
     134
     137
     134
     146
     127
     124
     164
     128
     146
     142
     125
     123
     148
     126
     138
     123
     146
     148
     128
     160
     138
     140
     135
     135
     114
     134
     131
     141
     133
     123
     129
     153
     121
     144
     114
     122
     135
     110
     103
     122
     121
     125
     136
     136
     120
     102
     123
     113
     121
     124
     114
     114
     127
     103
     121
     112
     120
     146
     110
     108
      98
     102
     107
     110
     109
      95
     123
     102
     101
     101
      87
     111
      94
      88
     107
      82
      89
      83
      89
      94
      79
      93
      83
      76
      89
      79
      61
      75
      74
      89
      79
      74
      92
      51
      88
      77
      76
      82
      67
      92
      72
      61
      79
      71
      83
      79
      73
      62
      61
      55
      66
      61
      63
      73
      63
      70
      76
      63
      56
      61
      60
      63
      70
      61
      50
      56
      47
      51
      43
      58
      48
      53
      60
      52
      59
      59
      71
      53
      56
      51
      56
      55
      77
      58
      59
      59
      55
      59
      58
      43
      57
      65
      52
      51
      54
      56
      61
      46
      42
      64
      60
      51
      54
      62
      51
      52
      57
      46
      50
      45
      53
      59
      49
      44
      60
      43
      41
      45
      43
      49
      48
      54
      59
      42
      26
      43
      39
      48
      59
      58
      56
      50
      43
      39
      54
      49
      49
      48
      51
      49
      47
      37
      50
      41
      50
      43
      54
      49
      48
      36
      39
      49
      42
      48
      51
      44
      46
      36
      48
      33
      49
      50
      36
      40
      38
      46
      48
      48
      42
      47
      46
      42
      41
      51
      50
      42
      45
      40
      38
      48
      42
      48
      41
      43
      52
      45
      38
      42
      42
      37
      40
      39
      44
      32
      43
      53
      44
      54
      31
      43
      44
      46
      41
      44
      31
      39
      36
      39
      48
      45
      37
      43
      35
      35
      38
      58
      47
      46
      35
      43
      31
      40
      34
      38
      47
      53
      45
      37
      48
      37
      40
      43
      41
      54
      25
      32
      36
      32
      47
      28
      46
      29
      46
      43
      43
      30
      45
      36
      34
      36
      35
      43
      43
      39
      36
      35
      38
      31
      37
      24
      36
      28
      33
      37
      38
      28
      34
      28
      35
      39
      43
      36
      28
      45
      35
      35
      47
      40
      37
      37
      35
      22
      34
      25
      31
      26
      40
      40
      39
      32
      35
      33
      28
      21
      30
      40
      29
      33
      35
      22
      34
      36
      39
      33
      25
      35
      35
      34
      23
      36
      33
      32
      36
      36
      35
      41
      25
      27
      35
      26
      20
      38
      29
      29
      36
      28
      32
      36
      32
      25
      39
      24
      32
      22
      30
      22
      31
      29
      30
      37
      29
      32
      31
      27
      32
      30
      38
      29
      35
      17
      40
      25
      30
      25
      26
      21
      24
      34
      34
      31
      36
      30
      31
      43
      30
      27
      30
      30
      22
      13
      31
      25
      25
      23
      26
      25
      23
      25
      22
      34
      31
      32
      29
      34
      31
      22
      26
      32
      23
      30
      26
      32
      28
      29
      38
      28
      30
      32
      30
      25
      24
      22
      27
      27
      34
      29
      19
      25
      26
      29
      28
      28
      29
      27
      25
      18
      36
      26
      23
      32
      32
      25
      33
      23
      27
      30
      29
      31
      29
      24
      50
      17
      28
      32
      24
      38
      24
      19
      31
      18
      30
      35
      30
      36
      25
      34
      32
      34
      27
      31
      33
      31
      25
      30
      31
      27
      39
      35
      27
      44
      27
      37
      36
      34
      36
      27
      41
      34
      35
      35
      36
      40
      41
      36
      40
      46
      30
      40
      27
      42
      35
      45
      28
      44
      32
      35
      41
      31
      36
      30
      31
      41
      31
      40
      49
      43
      36
      40
      37
      44
      55
      34
      36
      29
      37
      44
      44
      38
      29
      32
      37
      32
      28
      32
      38
      38
      32
      29
      37
      36
      30
      35
      44
      33
      37
      27
      39
      47
      33
      27
      28
      30
      39
      31
      33
      36
      37
      33
      23
      39
      28
      24
      28
      22
      23
      27
      19
      32
      33
      22
      32
      15
      24
      33
      12
      25
      27
      23
      23
      21
      22
      17
      15
      17
      26
      15
      23
      20
      28
      19
      25
      23
      30
      25
      32
      27
      19
      15
      20
      24
      31
      13
      19
      18
      19
      18
      19
      21
      26
      20
      25
      20
      17
      21
      11
      22
      18
      21
      25
      15
      17
      20
      13
      20
      21
      18
      23
      17
      22
      28
      24
      21
      18
      20
      18
      21
      20
      25
      26
      29
      18
      18
      21
      15
      14
      24
      30
      18
      19
      15
      14
      18
      19
      31
      27
      25
      27
      17
      20
      18
      14
      11
      27
      27
      20
      26
      20
      24
      19
      26
      23
      17
      19
      15
      23
      18
      11
      17
      24
      18
      21
      34
      12
      21
      18
      24
      24
      23
      15
      20
      20
      24
      16
      12
      14
      22
      14
      18
      14
      21
      17
      19
      18
      15
      27
      17
      20
      23
      18
      22
      17
      27
      12
      18
      19
      23
      20
      17
      27
      21
      17
      20
      22
      24
      18
      27
      17
      17
      26
      18
      17
      13
      16
      25
      21
      15
      18
      24
      20
      18
      23
      22
      17
      20
      13
      22
      15
      17
      20
      12
      22
      14
      17
      19
      12
      16
      16
      11
      21
      20
      21
      14
      22
      25
      29
      16
      18
      24
      16
      21
      13
      18
      27
      17
      21
      17
      23
      11
      20
      20
      23
      17
      24
      19
      18
      22
      13
      14
      18
      19
      20
      12
      14
      19
      18
      17
      21
      18
      13
      24
      25
      29
      17
      17
      13
      18
      20
      11
      18
      22
      22
      24
      15
      19
      11
      14
      12
      18
      17
      13
      15
      20
      23
      26
      13
      21
      14
      13
      16
      26
      13
      12
      14
      13
      14
      17
      13
      19
      12
      18
      15
      16
      17
      18
      16
      29
      14
      21
      19
      12
      21
      18
      23
      16
      18
      15
      24
      14
      16
      17
      21
      13
      15
      23
      15
      19
      17
      10
      10
       6
      15
      14
      15
      19
      15
      16
      14
      16
      21
      13
      10
      13
      17
      15
      24
      17
       7
      14
      11
      15
      18
      17
      17
      17
      15
      18
      13
      14
       8
       8
       9
      20
      18
      14
      15
      14
      10
      11
      14
      11
      14
      15
      19
      15
      19
      13
       8
      12
      16
      15
      14
       7
      10
      15
      10
      12
      13
      17
      13
       9
      11
       5
      13
      11
       9
       6
      14
      17
      17
       8
      10
      13
       9
      13
      12
       8
      10
       9
      11
      13
      10
      17
      14
      18
       5
      18
      14
       7
       8
      17
      13
      10
      12
      13
       9
       9
       8
       8
       5
       8
      13
      16
      13
      10
      11
      12
       9
      11
      12
       7
       7
       9
       6
      11
       8
      18
       8
      15
      17
      14
      14
      12
      10
      10
      13
       9
      11
       8
      10
      12
      17
      16
      14
       8
       7
       7
       7
       7
      10
      14
      11
      14
      10
      11
      14
      12
      10
       5
       9
      17
       7
      11
       4
      12
      12
      14
      11
       9
      13
      14
       8
      12
      15
      18
      10
      17
      12
      13
       8
      13
       9
      20
      17
      17
      14
      11
      14
      10
      11
       7
      18
      12
      12
      11
      10
      10
      14
      16
      11
      14
      14
      10
      10
      10
      13
       8
      16
      11
      12
      20
      14
      21
       8
       8
       9
      13
      16
      11
      11
      13
      18
      15
      12
       3
      14
      18
      13
      10
      14
      15
      11
      15
      13
      11
      18
      13
      16
      16
      18
       9
      15
      21
      15
      20
      11
      18
      20
      14
      15
      11
      18
      14
      13
       8
      13
      17
      11
      22
      13
      12
      13
      10
      12
      18
      24
      10
      24
      15
      12
       7
      19
      12
      16
       8
      12
      19
      13
      12
      15
      18
      20
      11
      10
       6
      11
      12
      11
      11
      15
      15
      14
       7
       8
      14
      13
      13
       6
       8
      14
      12
      14
       8
      10
       8
       8
      14
      13
       7
      14
       9
      13
      11
      14
       9
       9
       5
       6
       8
       6
       7
      13
       9
       7
       2
       1
       2
       4
       4
       7
       6
       6
       4
       7
       8
       2
       8
       4
       5
       6
       6
       6
       6
       4
       3
       5
       6
       7
       6
       6
       8
       4
       3
       5
       2
       5
       3
       5
       3
       6
      10
       3
       4
       5
       3
       4
       6
       4
       6
       5
       4
       9
       3
       4
       4
       6
       0
       4
       4
      11
       5
       5
      12
       7
       4
       8
       9
       8
      11
      13
       5
       7
       4
       7
       4
       6
       6
       5
       6
       3
       4
       8
       6
       8
       5
       9
       6
       5
       6
       7
       9
       7
       7
      12
       7
       8
      13
      12
       9
       9
       6
      10
       4
       5
       5
      12
       9
       5
      14
      11
       8
      15
      11
       2
       5
       4
       8
       8
      13
      10
      12
       6
       4
      11
       8
       8
      10
       6
       9
      10
      18
      12
       9
       9
      11
      13
       8
       7
       9
      15
       8
       7
       7
      10
       9
      11
      11
      10
      10
      12
      12
       7
      15
       5
       8
       9
       8
       7
       7
       6
      13
       5
      10
       7
      11
       6
      12
       3
      11
       6
       8
       6
       8
       4
       5
       2
       9
       4
       5
       8
       8
       7
       2
       4
       8
       5
       5
       6
       4
       3
       3
       2
       4
       1
       4
       1
       0
       0
       5
       4
       2
       3
       3
       2
       2
       5
       2
       1
       5
       6
       2
       3
       2
       1
       2
       2
       2
       2
       2
       2
       1
       0
       2
       2
       0
       1
       4
       0
       2
       0
       0
       1
       1
       3
       0
       1
       0
       1
       0
       0
       0
       0
       3
       0
       1
       0
       0
       0
       1
       0
       1
       1
       0
       1
       1
       0
       0
       0
       1
       2
       1
       1
       1
       0
       0
       0
       0
       0
       1
       0
       0
       0
       1
       1
       1
       0
       0
       0
       0
       1
       0
       0
       1
       0
       1
       1
       0
       0
       1
       0
       0
       0
       0
       0
       0
       1
       1
       0
       0
       0
       0
       0
       0
       1
       1
       0
       0
       1
       0
       0
       0
       0
       0
       0
       0
       1
       0
       0
       0
       0
       0
       0
       0
       0
       0
       0
       2
       0
       0
       0
       0
       0
       2
       2
       0
       0
       0
       1
       0
       0
       0
       0
       0
       0
       0
       0
       0
       0
       0
       0
       0
       0
       0
       0
       0
       0
       0
       0
       0
       0
       0
       0
       0
       0
       0
       0
       0
       0
       0
       0
       0
       0
       0
       1
       0
       0
       0
       0
       1
       0
       1
       0
       0
       0
       0
       0
       0
       0
       0
       0
       0
       0
       0
       0
       0
       0
       0
       0
       0
       1
       0
       0
       0
       0
       0
       0
       0
       0
       0
       0
       1
       0
       1
       0
       0
       0
       1
       1
       1
       0
       0
       0
       0
       0
       0
       0
       0
       0
       0
       0
       0
       0
       0
       0
       0
       0
       1
       0
       0
       0
       0
       1
       0
       0
       0
       0
       0
       0
       0
       0
       0
       0
       0
       0
       0
       0
       1
       0
       0
       0
       0
       0
       0
       0
       0
       0
       0
       0
       0
       0
       0
       0
       0
       0
       0
       0
       0
       0
       0
       0
       0
       0
       0
       0
       0
       0
       0
       0
       0
       0
       0
       0
       0
       0
       0
       0
       0
       0
       0
       0
       0
       0
       0
       0
       0
       0
       0
       0
       0
       0
       0
       0
       0
       0
       0
       0
       0
       0
       0
       0
       0
       0
       0
       0
       0
       0
       0
       0
       0
       0
       0
       0
       0
       0
       0
       0
       0
       0
       0
       0
       0
       0
       0
       0
       0
       0
       0
       0
       0
       0
       0
       0
       0
       0
       0
       0
       0
       0
       0
       0
       0
       0
       0
       0
       0
       0
       0
       0
       0
       0
       0
       0
       0
       0
       0
       0
       0
       0
       0
$ROI:
2
1231 1234
2040 2046
$PRESETS:
Real Time
300
0
$ENER_FIT:
0.000000 1.851449
$MCA_CAL:
3
0.000000E+000 1.851449E+000 0.000000E+000 keV
$SHAPE_CAL:
3
0.000000E+000 0.000000E+000 0.000000E+000
