$SPEC_ID:
No sample description was entered.
$SPEC_REM:
DET# 1
DETDESC# PHYS480-PC1 MCB 129
AP# Maestro Version 6.08
$DATE_MEA:
11/05/2015 14:44:28
$MEAS_TIM:
299 300
$DATA:
0 2047
       0
       0
       0
       0
       0
       0
     273
    1597
     457
     349
     302
     441
     488
     446
     206
      56
      73
      51
      58
      66
      70
      66
      71
      71
      54
      65
      64
      69
      56
      54
      72
      60
      85
      78
      95
      86
      79
      77
      89
     114
      93
     123
      98
     122
     104
     105
     100
     127
     113
     102
     111
      88
      97
      82
      86
      94
      78
      74
      82
      75
      84
      81
      72
      78
      67
      80
      74
      80
      75
      95
      79
      76
      91
      86
      71
      86
      87
      78
      86
      95
      77
      99
      94
      99
      92
     108
      86
      87
      99
      90
      87
      98
     103
     103
     105
     106
     107
     123
     106
      88
      95
     109
      94
     130
     105
     105
      99
     109
     119
     106
     125
     104
     123
     111
     115
     109
     121
     115
     125
     104
     112
     123
     141
     113
     119
     128
     116
      98
     137
     121
     119
     139
     105
     131
     110
     121
     141
     146
     136
     119
     120
     130
     139
     143
     134
     134
     139
     124
     150
     141
     135
     134
     112
     144
     121
     136
     143
     129
     103
     109
     111
     111
     123
     116
     141
     147
     144
     121
     149
     134
     132
     141
     120
     144
     142
     122
     113
     123
     140
     127
     149
     105
     125
     132
     126
     137
     131
     110
     127
     124
     122
     124
     118
     113
     119
     133
     100
     136
     126
     117
      99
     148
     147
     132
     122
     128
     123
     118
     119
     135
     139
     102
     125
     130
     118
     124
     130
     112
     115
     123
     122
     122
     103
     117
     117
     101
     118
     122
     123
     127
     107
     118
     120
     113
     129
     113
     126
     114
     131
     114
     115
     122
     131
     120
     131
     130
     139
     108
     108
     113
     119
     107
     110
     129
     125
     140
     134
     133
     128
     139
     109
     124
     141
     154
     129
     129
     122
     134
     139
     159
     157
     150
     139
     175
     158
     160
     174
     145
     143
     164
     159
     174
     163
     153
     146
     164
     171
     170
     169
     142
     166
     147
     169
     160
     155
     152
     143
     160
     159
     147
     169
     130
     151
     153
     138
     129
     145
     147
     125
     112
     129
     117
     155
     131
     122
     102
     121
     120
     119
     117
     128
     102
     113
     118
     118
     111
     104
      98
      98
      79
     104
      93
      78
      95
      86
      99
      85
      93
      77
      89
      75
      79
      63
      72
      86
      70
      69
      74
      77
      78
      83
      60
      70
      73
      68
      68
      82
      64
      67
      74
      67
      52
      59
      52
      67
      60
      69
      58
      73
      61
      55
      66
      64
      50
      56
      61
      58
      61
      72
      71
      41
      61
      68
      63
      62
      48
      57
      53
      49
      60
      58
      53
      61
      65
      51
      56
      68
      48
      52
      50
      60
      44
      62
      49
      50
      48
      51
      52
      46
      53
      39
      56
      56
      40
      55
      48
      54
      45
      55
      34
      49
      59
      45
      43
      50
      54
      39
      35
      45
      39
      48
      49
      38
      49
      53
      49
      44
      32
      43
      37
      35
      37
      50
      36
      50
      45
      36
      52
      36
      48
      45
      35
      43
      38
      34
      43
      34
      39
      43
      34
      54
      42
      35
      51
      56
      41
      45
      43
      48
      32
      38
      42
      44
      35
      49
      35
      34
      37
      53
      52
      53
      45
      44
      48
      43
      49
      37
      46
      36
      41
      37
      43
      44
      34
      42
      47
      33
      37
      38
      50
      43
      34
      34
      58
      41
      34
      30
      52
      51
      45
      37
      39
      28
      39
      35
      41
      44
      49
      43
      35
      39
      44
      32
      42
      31
      33
      29
      34
      37
      36
      25
      31
      46
      37
      37
      34
      35
      40
      33
      37
      29
      36
      30
      29
      43
      45
      36
      35
      40
      36
      37
      42
      44
      36
      28
      25
      35
      33
      33
      36
      30
      34
      43
      28
      42
      28
      34
      38
      33
      35
      35
      45
      29
      42
      26
      35
      37
      37
      37
      35
      31
      32
      30
      32
      36
      39
      39
      32
      26
      38
      26
      31
      31
      30
      38
      14
      42
      32
      23
      35
      36
      29
      33
      42
      31
      35
      38
      23
      36
      35
      40
      44
      29
      38
      32
      28
      35
      23
      36
      27
      34
      24
      36
      35
      36
      28
      35
      19
      27
      38
      26
      33
      31
      26
      24
      45
      27
      34
      38
      33
      27
      31
      27
      23
      35
      32
      36
      31
      24
      30
      29
      27
      27
      28
      23
      29
      30
      33
      32
      34
      35
      28
      33
      23
      35
      26
      24
      21
      42
      20
      27
      35
      42
      26
      24
      30
      26
      31
      25
      32
      25
      37
      23
      33
      28
      36
      27
      30
      27
      27
      37
      28
      40
      23
      36
      28
      34
      27
      34
      23
      35
      37
      27
      31
      28
      33
      34
      30
      26
      34
      32
      25
      24
      39
      39
      32
      33
      27
      22
      27
      26
      28
      42
      39
      23
      22
      37
      34
      24
      36
      33
      33
      34
      30
      25
      31
      32
      40
      39
      36
      30
      34
      40
      45
      35
      43
      41
      33
      29
      32
      40
      29
      31
      39
      41
      32
      33
      36
      38
      31
      41
      35
      27
      42
      43
      27
      39
      46
      34
      33
      29
      46
      39
      39
      43
      32
      45
      33
      37
      53
      40
      41
      39
      48
      48
      50
      48
      48
      49
      42
      51
      40
      34
      36
      41
      60
      51
      45
      33
      52
      48
      44
      42
      42
      37
      47
      42
      43
      46
      40
      56
      35
      55
      39
      55
      47
      36
      36
      37
      44
      50
      35
      41
      32
      39
      44
      34
      36
      33
      45
      44
      42
      29
      43
      36
      37
      39
      40
      39
      34
      35
      40
      34
      35
      23
      29
      35
      32
      39
      34
      27
      25
      32
      24
      34
      31
      35
      30
      29
      29
      37
      30
      29
      30
      30
      26
      32
      20
      29
      31
      40
      33
      37
      22
      37
      27
      34
      27
      27
      31
      23
      27
      36
      24
      26
      31
      33
      24
      42
      25
      31
      30
      27
      31
      29
      32
      26
      22
      31
      34
      35
      35
      30
      30
      34
      35
      27
      20
      23
      30
      20
      26
      32
      29
      26
      34
      40
      41
      38
      26
      32
      38
      24
      26
      37
      35
      23
      29
      36
      34
      41
      25
      20
      27
      29
      27
      19
      30
      40
      28
      34
      30
      23
      24
      24
      28
      34
      29
      29
      32
      24
      29
      34
      39
      33
      29
      21
      43
      31
      28
      30
      33
      36
      32
      23
      30
      34
      36
      21
      30
      30
      22
      33
      31
      35
      49
      29
      28
      30
      37
      21
      35
      39
      37
      33
      31
      31
      34
      33
      37
      35
      34
      38
      37
      31
      40
      35
      34
      35
      33
      30
      42
      32
      27
      37
      44
      23
      22
      32
      28
      28
      30
      29
      27
      35
      31
      29
      38
      34
      22
      23
      44
      26
      34
      38
      27
      30
      23
      43
      31
      37
      39
      26
      37
      32
      36
      21
      41
      25
      33
      38
      25
      37
      33
      44
      43
      30
      31
      28
      45
      25
      50
      30
      43
      27
      28
      28
      37
      36
      38
      31
      36
      27
      45
      28
      30
      40
      31
      27
      36
      31
      36
      31
      44
      40
      41
      37
      33
      27
      36
      40
      38
      39
      29
      31
      32
      27
      33
      39
      42
      46
      28
      33
      32
      32
      21
      24
      27
      31
      32
      31
      29
      32
      33
      38
      25
      37
      21
      30
      31
      29
      28
      35
      33
      34
      36
      25
      28
      44
      26
      28
      28
      25
      30
      26
      24
      36
      25
      26
      36
      29
      41
      37
      40
      25
      29
      26
      22
      27
      34
      28
      29
      20
      36
      21
      26
      28
      35
      23
      31
      22
      35
      28
      24
      26
      20
      26
      31
      28
      37
      23
      24
      24
      26
      32
      24
      16
      26
      25
      23
      22
      16
      29
      22
      31
      23
      26
      20
      30
      15
      18
      20
      29
      17
      23
      27
      25
      27
      21
      24
      21
      17
      22
      21
      30
      25
      24
      23
      35
      26
      19
      20
      18
      15
      31
      26
      19
      17
      20
      18
      19
      24
      23
      31
      22
      30
      20
      23
      26
      19
      17
      21
      25
      16
      20
      16
      14
      28
      19
      18
      21
      22
      19
      28
      26
      22
      26
      23
      14
      20
      23
      20
      19
      21
      20
      21
      18
      21
      22
      11
      19
      15
      20
      20
      20
      25
      33
      26
      26
      30
      12
      23
      20
      23
      21
      18
      22
      21
      16
      26
      21
      20
      25
      18
      37
      14
      28
      25
      16
      19
      21
      23
      26
      25
      30
      23
       9
      15
      22
      20
      24
      20
      20
      20
      28
      18
      21
      17
      31
      24
      16
      28
      22
      23
      27
      14
      31
      12
      22
      23
      20
      20
      24
      24
      18
      17
      25
      20
      20
      17
      24
      18
      24
      23
      24
      14
      25
      17
      26
      16
      30
      24
      27
      20
      20
      29
      24
      22
      22
      24
      26
      19
      27
      25
      25
      20
      23
      21
      24
      32
      30
      24
      26
      30
      27
      26
      41
      22
      30
      22
      27
      24
      26
      27
      27
      27
      26
      41
      32
      37
      39
      41
      29
      35
      24
      31
      36
      39
      29
      26
      30
      37
      36
      26
      37
      37
      27
      27
      29
      40
      29
      42
      30
      36
      36
      35
      34
      39
      34
      36
      29
      25
      35
      38
      27
      38
      32
      34
      28
      22
      30
      30
      32
      18
      22
      25
      35
      22
      28
      40
      24
      26
      26
      21
      27
      27
      19
      10
      19
      20
      29
      19
      22
      25
      28
      23
      20
      24
      20
      20
      22
      12
      28
      30
      33
      16
      23
      18
      14
      16
      24
      19
      10
      15
      19
      12
      21
      18
      16
      19
      13
      13
      16
      16
      18
      12
      17
      16
      18
      15
      13
       8
      10
       4
      10
      15
       8
      10
      12
       9
       7
      19
      12
       8
      11
      12
      10
       9
      10
       6
       4
       9
      12
       8
       7
       8
       8
      12
      12
      11
      12
       9
      10
      14
      14
      12
      17
       6
      13
       9
      17
      13
      11
       7
      10
      13
      12
       9
      13
      13
      14
      13
      12
      17
      12
      16
       9
      17
      20
      17
      12
      11
      19
      15
       9
      14
      17
      16
      16
      11
      15
      12
      17
      15
      18
      17
      16
      14
      16
      26
      15
      20
      12
      20
      23
      23
      18
      18
      17
      15
      18
      22
      17
      18
      17
      16
      22
      13
      21
      14
      17
      22
      21
      20
      15
      18
      17
      22
      17
      14
      19
      29
      27
      18
      21
      16
      25
      16
      20
      22
      28
      24
      21
      34
      12
      17
      28
      15
      15
      22
      26
      27
      26
      24
      18
      19
       9
      16
      24
      21
      17
       7
      12
      14
      18
      17
      19
      22
      23
      17
       9
       6
      14
      11
      13
      18
      17
      14
      11
      19
      11
      16
      10
      15
      18
      13
      15
      10
       4
       8
      13
       8
      15
      11
       3
      16
       4
       7
       6
       9
       7
       8
       3
       7
       1
       6
       9
       4
       9
       4
       5
       1
       5
       7
       6
       4
       2
       3
       2
       1
       3
       4
       3
       3
       5
       2
       2
       2
       3
       4
       5
       0
       2
       2
       3
       5
       2
       2
       2
       2
       3
       0
       2
       0
       1
       0
       1
       0
       3
       1
       1
       1
       0
       0
       0
       2
       2
       1
       1
       1
       0
       1
       1
       1
       0
       1
       0
       0
       0
       3
       1
       0
       0
       0
       0
       0
       0
       1
       0
       0
       1
       1
       1
       0
       0
       1
       1
       2
       0
       0
       0
       1
       0
       0
       0
       1
       0
       0
       0
       0
       0
       0
       0
       0
       0
       0
       0
       0
       0
       0
       0
       0
       0
       1
       0
       0
       0
       0
       0
       0
       0
       0
       0
       0
       0
       0
       0
       0
       0
       0
       0
       0
       0
       0
       1
       0
       0
       0
       1
       0
       0
       1
       0
       0
       0
       0
       0
       0
       0
       0
       0
       0
       0
       1
       0
       0
       0
       1
       0
       0
       0
       0
       0
       0
       0
       0
       0
       0
       0
       0
       0
       0
       0
       0
       0
       0
       0
       0
       0
       0
       0
       0
       0
       1
       0
       0
       0
       0
       0
       0
       0
       1
       0
       1
       1
       0
       0
       0
       0
       0
       0
       0
       0
       0
       0
       0
       0
       0
       0
       1
       0
       0
       0
       0
       0
       0
       0
       0
       0
       0
       0
       0
       0
       0
       0
       0
       0
       0
       0
       0
       0
       0
       0
       1
       0
       0
       0
       1
       0
       0
       0
       0
       0
       0
       0
       0
       0
       0
       0
       0
       0
       0
       0
       0
       0
       0
       0
       0
       0
       1
       0
       1
       0
       0
       1
       0
       0
       1
       0
       0
       0
       1
       0
       0
       0
       0
       0
       0
       0
       0
       1
       0
       0
       0
       0
       0
       0
       0
       0
       0
       0
       0
       0
       0
       0
       0
       0
       0
       0
       0
       0
       0
       0
       0
       0
       0
       0
       0
       0
       0
       0
       0
       0
       0
       0
       0
       0
       0
       0
       0
       0
       0
       0
       0
       0
       0
       0
       0
       0
       0
       0
       0
       0
       0
       0
       0
       0
       0
       0
       0
       0
       0
       0
       0
       0
       0
       0
       0
       0
       0
       0
       0
       0
       0
       0
       0
       0
       0
       0
       0
       0
       0
       0
       0
       0
       0
       0
       0
       0
       0
       0
       0
       0
       0
       0
       0
       0
       0
       0
       0
       0
       0
       0
       0
       0
       0
       0
       0
       0
       0
       0
       0
       0
       0
       0
       0
       0
       0
$ROI:
2
1231 1234
2040 2046
$PRESETS:
Real Time
300
0
$ENER_FIT:
0.000000 1.851449
$MCA_CAL:
3
0.000000E+000 1.851449E+000 0.000000E+000 keV
$SHAPE_CAL:
3
0.000000E+000 0.000000E+000 0.000000E+000
