$SPEC_ID:
No sample description was entered.
$SPEC_REM:
DET# 1
DETDESC# PHYS480-PC1 MCB 129
AP# Maestro Version 6.08
$DATE_MEA:
11/05/2015 15:53:03
$MEAS_TIM:
179 180
$DATA:
0 2047
       0
       0
       0
       0
       0
       0
     197
    1019
     353
     269
     245
     257
     212
     181
     169
     143
     167
     162
     156
     155
     152
     158
     155
     132
     147
     144
     152
     148
     139
     156
     137
     152
     162
     147
     174
     155
     180
     154
     198
     195
     188
     219
     219
     234
     215
     228
     224
     230
     231
     240
     218
     245
     216
     213
     222
     244
     214
     210
     221
     180
     185
     208
     171
     193
     209
     175
     176
     177
     207
     173
     202
     191
     182
     173
     202
     185
     219
     214
     177
     212
     192
     174
     199
     195
     202
     186
     242
     219
     196
     194
     177
     199
     241
     206
     237
     233
     204
     211
     240
     220
     228
     248
     247
     286
     263
     235
     236
     248
     278
     245
     267
     261
     276
     244
     285
     264
     278
     307
     274
     291
     317
     280
     283
     279
     303
     298
     296
     290
     312
     306
     283
     280
     323
     289
     309
     307
     286
     309
     317
     307
     292
     307
     332
     320
     306
     340
     326
     340
     309
     311
     350
     322
     317
     356
     350
     333
     320
     324
     330
     353
     342
     357
     398
     348
     313
     335
     317
     355
     396
     360
     334
     303
     336
     370
     339
     352
     336
     355
     347
     354
     346
     353
     339
     352
     339
     326
     306
     325
     320
     341
     325
     349
     350
     341
     386
     345
     340
     365
     331
     360
     333
     316
     336
     358
     337
     332
     337
     329
     367
     343
     333
     332
     338
     366
     322
     345
     359
     324
     369
     343
     359
     342
     351
     353
     341
     326
     383
     353
     335
     394
     388
     386
     366
     341
     386
     387
     385
     385
     405
     393
     416
     405
     405
     430
     396
     410
     461
     383
     429
     446
     477
     426
     455
     450
     423
     441
     448
     452
     418
     422
     459
     462
     394
     416
     448
     436
     409
     405
     426
     375
     380
     418
     392
     395
     356
     354
     337
     338
     356
     318
     329
     300
     315
     320
     299
     325
     303
     269
     273
     288
     285
     261
     287
     249
     272
     233
     225
     249
     239
     246
     229
     222
     227
     207
     204
     213
     216
     224
     210
     223
     179
     200
     186
     185
     209
     200
     181
     193
     198
     178
     188
     162
     154
     153
     147
     163
     165
     170
     167
     187
     171
     178
     158
     180
     167
     170
     148
     131
     180
     159
     167
     127
     161
     176
     158
     162
     167
     144
     160
     158
     140
     174
     154
     142
     155
     149
     149
     173
     158
     148
     150
     156
     158
     166
     146
     142
     154
     138
     154
     154
     150
     140
     135
     127
     132
     145
     141
     147
     134
     140
     141
     142
     158
     139
     172
     139
     114
     153
     141
     170
     124
     139
     124
     138
     136
     143
     144
     124
     146
     141
     150
     151
     133
     147
     125
     124
     153
     146
     132
     127
     138
     139
     141
     136
     136
     146
     152
     123
     121
     149
     136
     129
     142
     130
     132
     131
     143
     106
     137
     119
     129
     127
     124
     138
     141
     117
     122
     126
     135
     124
     128
     133
     131
     107
     118
     119
     126
     109
     149
     131
     134
     124
     135
     143
     127
     151
     120
     131
     129
      98
     116
     128
     120
     119
     129
     146
     120
     119
     122
     129
     126
     131
     116
     131
     112
     119
     129
     125
     111
     114
     133
     134
     128
     129
     122
     137
     118
     103
     121
     120
     122
     115
     109
     117
     109
     133
     124
     143
     134
     108
     117
     111
     139
     112
     115
     118
     125
     109
     124
     117
     113
     116
     134
     107
     106
     120
     132
     130
     118
     117
     108
     122
     116
     128
     103
     119
     121
     113
     102
     127
     106
     127
     114
     126
     131
     113
     123
     103
     115
     115
      99
     115
     110
     121
      96
      95
     146
      97
     140
     117
     119
     114
     133
      98
     109
      90
     139
     115
     109
      93
     123
     115
      94
     119
     106
      94
     107
      96
      90
      90
      91
      88
      90
      95
     105
      89
      87
      84
      93
      92
      85
      86
      85
      81
      73
      76
      82
      65
      79
      68
      69
      71
      76
      59
      59
      79
      62
      72
      70
      67
      68
      79
      64
      44
      63
      64
      49
      52
      54
      56
      57
      48
      47
      50
      50
      60
      35
      63
      42
      56
      50
      60
      50
      48
      61
      45
      36
      43
      41
      45
      54
      35
      26
      29
      34
      39
      45
      43
      26
      36
      32
      31
      37
      28
      40
      35
      42
      34
      27
      38
      27
      33
      28
      31
      29
      34
      35
      37
      22
      28
      21
      26
      24
      20
      24
      18
      26
      29
      21
      19
      30
      25
      41
      27
      21
      26
      23
      22
      32
      30
      30
      20
      22
      18
      25
      19
      25
      21
      20
      22
      26
      11
      20
      29
      24
      34
      22
      24
      27
      23
      27
      25
      28
      22
      27
      21
      24
      22
      33
      22
      37
      27
      32
      27
      28
      29
      25
      29
      34
      34
      34
      29
      30
      30
      30
      41
      43
      29
      34
      46
      46
      43
      50
      34
      39
      47
      34
      37
      43
      35
      43
      50
      39
      50
      57
      57
      46
      60
      45
      57
      52
      67
      60
      68
      82
      58
      70
      71
      65
      65
      79
      95
      77
      66
      92
      90
      81
     101
      92
      87
      94
      95
     103
     103
     102
     123
      96
     110
     117
     137
     135
     133
     131
     147
     117
     138
     141
     144
     166
     153
     162
     160
     175
     174
     180
     161
     185
     186
     178
     173
     176
     205
     197
     198
     188
     218
     210
     205
     193
     221
     209
     199
     221
     235
     240
     203
     241
     232
     221
     238
     222
     266
     227
     220
     205
     225
     226
     213
     212
     217
     235
     208
     212
     203
     211
     216
     195
     235
     198
     223
     175
     193
     185
     202
     187
     170
     175
     174
     149
     151
     176
     147
     139
     138
     125
     138
     110
     129
     136
     127
     122
     120
      96
      93
      92
      78
      91
      95
      94
      82
      91
      67
      73
      81
      76
      69
      59
      48
      62
      46
      45
      54
      54
      48
      46
      34
      25
      34
      26
      35
      25
      21
      19
      28
      25
      17
      17
      14
       9
      15
      16
      21
       8
      16
      10
      12
      10
       9
       4
       6
       7
       7
       4
       6
       7
       5
       3
       5
       5
       3
       2
       3
       2
       2
       0
       0
       5
       1
       1
       1
       1
       2
       1
       1
       2
       3
       0
       2
       2
       1
       2
       1
       2
       1
       0
       4
       3
       0
       2
       1
       0
       0
       0
       3
       3
       4
       1
       0
       3
       1
       2
       0
       1
       0
       2
       0
       2
       2
       1
       1
       1
       1
       0
       1
       0
       1
       1
       1
       2
       0
       2
       2
       2
       0
       2
       1
       0
       0
       4
       3
       1
       0
       3
       0
       0
       0
       0
       1
       4
       0
       1
       2
       1
       0
       1
       0
       1
       2
       0
       1
       2
       0
       0
       1
       0
       0
       1
       0
       0
       0
       1
       1
       3
       2
       1
       1
       0
       0
       1
       1
       0
       2
       1
       0
       1
       2
       2
       0
       1
       3
       1
       0
       2
       0
       1
       1
       1
       1
       1
       0
       1
       1
       0
       1
       1
       2
       0
       3
       3
       2
       0
       1
       1
       2
       2
       0
       1
       0
       0
       0
       1
       2
       0
       0
       0
       3
       1
       3
       1
       2
       2
       0
       0
       2
       0
       0
       0
       0
       1
       0
       0
       1
       0
       1
       3
       0
       0
       1
       1
       1
       0
       2
       1
       0
       3
       1
       1
       3
       1
       0
       1
       1
       0
       2
       0
       0
       1
       0
       1
       1
       0
       0
       0
       0
       3
       3
       0
       0
       1
       0
       2
       0
       1
       4
       4
       0
       2
       0
       2
       1
       1
       0
       2
       1
       0
       0
       0
       0
       0
       1
       0
       0
       1
       1
       2
       0
       1
       1
       1
       1
       0
       2
       0
       1
       0
       0
       0
       1
       1
       1
       1
       1
       1
       0
       0
       2
       1
       0
       0
       0
       0
       3
       0
       1
       1
       1
       1
       0
       0
       1
       0
       0
       0
       1
       2
       2
       0
       1
       1
       1
       1
       0
       0
       1
       2
       1
       2
       0
       0
       0
       0
       0
       0
       3
       0
       1
       0
       0
       2
       0
       1
       0
       0
       0
       0
       2
       0
       0
       0
       1
       0
       0
       0
       1
       1
       0
       1
       1
       0
       0
       0
       3
       0
       0
       0
       1
       0
       1
       1
       0
       0
       0
       1
       1
       0
       0
       0
       0
       0
       0
       0
       1
       2
       0
       0
       0
       1
       0
       0
       0
       1
       0
       1
       1
       2
       0
       0
       1
       0
       1
       0
       0
       0
       2
       2
       0
       0
       1
       0
       0
       0
       2
       0
       0
       0
       1
       1
       0
       1
       0
       0
       0
       1
       0
       1
       0
       1
       0
       0
       1
       0
       2
       1
       0
       0
       0
       1
       1
       0
       0
       0
       0
       2
       0
       0
       1
       0
       0
       0
       1
       1
       0
       2
       0
       2
       0
       0
       0
       3
       0
       0
       1
       0
       1
       1
       0
       1
       0
       1
       0
       0
       0
       0
       0
       0
       1
       0
       0
       0
       0
       0
       2
       1
       1
       1
       1
       0
       0
       0
       0
       2
       1
       1
       0
       2
       1
       0
       1
       0
       1
       0
       0
       1
       0
       0
       0
       0
       1
       0
       1
       0
       0
       1
       1
       0
       0
       1
       0
       1
       3
       1
       1
       1
       1
       1
       0
       3
       0
       0
       2
       2
       0
       2
       0
       0
       1
       1
       2
       0
       1
       0
       2
       0
       0
       0
       3
       1
       2
       1
       0
       1
       0
       1
       2
       2
       0
       1
       1
       2
       0
       0
       0
       0
       0
       1
       0
       1
       1
       0
       2
       0
       2
       0
       0
       3
       0
       1
       0
       0
       1
       0
       0
       1
       2
       0
       0
       1
       0
       1
       1
       0
       0
       0
       3
       0
       1
       0
       0
       0
       0
       0
       0
       0
       0
       0
       0
       1
       1
       0
       0
       1
       0
       0
       1
       0
       1
       0
       0
       0
       1
       0
       2
       1
       1
       0
       0
       0
       0
       0
       0
       0
       0
       0
       0
       0
       0
       0
       0
       0
       0
       0
       3
       1
       3
       1
       0
       0
       0
       0
       0
       0
       0
       1
       0
       0
       0
       0
       0
       0
       1
       0
       0
       0
       0
       0
       0
       1
       1
       0
       0
       0
       1
       1
       0
       0
       0
       0
       1
       0
       0
       0
       0
       0
       1
       0
       2
       0
       0
       0
       0
       0
       0
       1
       0
       1
       0
       0
       0
       1
       1
       2
       0
       0
       1
       0
       0
       1
       1
       0
       0
       0
       0
       0
       0
       0
       1
       1
       1
       0
       1
       1
       0
       0
       0
       1
       1
       0
       1
       0
       0
       1
       0
       0
       0
       1
       0
       0
       0
       1
       1
       0
       1
       1
       2
       0
       0
       0
       0
       0
       0
       2
       1
       1
       2
       0
       0
       0
       0
       1
       0
       0
       0
       1
       0
       0
       0
       0
       0
       0
       1
       0
       0
       0
       0
       3
       2
       0
       0
       0
       0
       0
       0
       0
       0
       0
       0
       0
       1
       0
       0
       0
       1
       1
       0
       0
       0
       0
       1
       1
       1
       0
       1
       0
       0
       0
       1
       2
       0
       0
       0
       1
       0
       0
       0
       0
       1
       1
       1
       0
       0
       0
       0
       0
       0
       0
       0
       0
       0
       0
       0
       0
       1
       0
       0
       0
       0
       0
       0
       0
       0
       0
       0
       0
       1
       0
       1
       0
       1
       0
       0
       0
       0
       0
       1
       0
       0
       0
       0
       0
       0
       0
       0
       0
       0
       0
       0
       0
       0
       0
       0
       0
       0
       0
       0
       0
       0
       0
       0
       0
       0
       0
       0
       0
       0
       0
       0
       0
       1
       0
       0
       1
       0
       0
       0
       0
       0
       2
       0
       0
       0
       0
       0
       0
       0
       0
       0
       0
       0
       0
       1
       0
       0
       0
       0
       1
       0
       0
       0
       0
       0
       0
       0
       0
       0
       0
       0
       0
       0
       0
       0
       0
       0
       0
       0
       0
       0
       0
       0
       0
       0
       0
       0
       0
       0
       0
       0
       0
       0
       0
       0
       0
       0
       0
       0
       0
       0
       0
       0
       0
       0
       0
       0
       0
       0
       0
       0
       0
       0
       0
       0
       0
       0
       0
       0
       0
       0
       0
       0
       0
       0
       0
       0
       1
       0
       0
       0
       0
       0
       0
       0
       0
       0
       0
       0
       0
       1
       0
       0
       0
       0
       0
       0
       0
       0
       0
       0
       0
       1
       0
       0
       0
       0
       0
       0
       0
       0
       0
       0
       0
       1
       0
       0
       0
       0
       0
       0
       0
       0
       0
       0
       0
       0
       0
       0
       0
       0
       1
       0
       0
       0
       0
       0
       0
       0
       0
       0
       0
       0
       0
       0
       0
       0
       0
       0
       0
       0
       0
       0
       0
       0
       0
       0
       0
       0
       0
       0
       0
       0
       0
       0
       0
       0
       0
       0
       0
       0
       0
       0
       0
       0
       0
       0
       0
       0
       0
       0
       0
       0
       0
       0
       0
       0
       0
       0
       0
       0
       0
       0
       0
       0
       0
       0
       0
       0
       0
       0
       0
       0
       0
       0
       0
       0
       0
       0
       0
       0
       0
       0
       0
       0
       0
       0
       0
       0
       0
       0
       0
       0
       0
       0
       0
       0
       0
       0
       0
       0
       0
       0
       0
       0
       0
       0
       0
       0
       0
       0
       0
       0
       0
       0
       0
       0
       0
       0
       0
       0
       0
       0
       0
       0
       0
       0
       0
       0
       0
       0
       0
       0
$ROI:
2
1231 1234
2040 2046
$PRESETS:
Real Time
180
0
$ENER_FIT:
0.000000 1.851449
$MCA_CAL:
3
0.000000E+000 1.851449E+000 0.000000E+000 keV
$SHAPE_CAL:
3
0.000000E+000 0.000000E+000 0.000000E+000
