$SPEC_ID:
No sample description was entered.
$SPEC_REM:
DET# 1
DETDESC# PHYS480-PC1 MCB 129
AP# Maestro Version 6.08
$DATE_MEA:
11/05/2015 15:45:32
$MEAS_TIM:
179 180
$DATA:
0 2047
       0
       0
       0
       0
       1
       3
     165
    1118
     453
     342
     369
     356
     318
     285
     196
     196
     169
     153
     153
     132
     149
     127
     147
     138
     160
     139
     136
     159
     137
     159
     142
     180
     187
     182
     210
     201
     253
     305
     324
     362
     435
     520
     620
     677
     784
     876
     945
     968
    1021
    1031
    1031
     975
     938
     917
     843
     713
     618
     557
     484
     456
     375
     333
     284
     256
     225
     215
     217
     191
     220
     191
     195
     197
     189
     172
     180
     179
     183
     204
     163
     197
     183
     193
     197
     190
     186
     217
     189
     196
     207
     186
     179
     223
     211
     241
     195
     214
     234
     216
     207
     208
     183
     201
     178
     226
     247
     227
     220
     230
     234
     232
     223
     248
     228
     232
     244
     250
     231
     228
     213
     225
     240
     259
     232
     257
     264
     228
     245
     212
     242
     254
     222
     249
     231
     236
     262
     240
     206
     240
     243
     247
     244
     276
     238
     254
     242
     231
     240
     260
     224
     251
     256
     248
     280
     281
     239
     243
     287
     245
     256
     244
     272
     285
     270
     271
     314
     273
     285
     286
     268
     274
     264
     270
     259
     274
     243
     268
     250
     271
     270
     271
     273
     283
     261
     273
     263
     280
     291
     302
     277
     251
     270
     289
     254
     263
     287
     301
     276
     272
     283
     288
     266
     278
     294
     285
     301
     283
     267
     285
     316
     301
     279
     275
     291
     285
     271
     289
     283
     277
     298
     297
     299
     280
     311
     311
     301
     299
     317
     356
     318
     314
     312
     338
     355
     360
     390
     343
     362
     400
     389
     385
     408
     375
     401
     431
     447
     436
     405
     441
     445
     439
     441
     434
     440
     439
     480
     449
     432
     455
     429
     526
     409
     490
     432
     437
     468
     449
     399
     421
     426
     399
     382
     381
     383
     374
     389
     350
     374
     376
     375
     333
     371
     367
     319
     352
     312
     327
     310
     312
     284
     310
     290
     244
     256
     292
     244
     240
     245
     242
     235
     238
     236
     245
     216
     234
     251
     213
     202
     170
     197
     206
     194
     200
     216
     177
     188
     169
     192
     191
     184
     178
     163
     164
     180
     181
     168
     162
     140
     172
     150
     138
     155
     145
     146
     135
     175
     160
     127
     139
     151
     153
     157
     146
     133
     151
     161
     144
     141
     128
     147
     153
     143
     142
     131
     131
     153
     152
     116
     119
     133
     123
     139
     133
     140
     118
     143
     115
     122
     137
     137
     137
     130
     141
     116
     134
     144
     129
     130
     126
     123
     136
     116
     108
     127
     122
     132
     118
     115
     128
     137
     118
     135
     111
     117
     116
     137
     110
     111
     132
     120
     132
     117
     132
     120
     131
     106
     105
     103
     130
     107
     101
     120
     112
     129
     132
     101
     122
     104
     140
     109
     114
      97
     115
     113
     118
     120
     124
     105
     124
     110
     117
     127
      94
     125
     110
     121
     123
     119
     107
     104
     109
     115
     123
     128
     132
     115
     128
     115
     118
     111
     127
     108
     118
     105
     124
     106
     101
      92
     126
     115
     113
      87
     121
     115
     102
     115
     118
     132
     122
     124
     109
      97
      94
     113
     129
     109
     117
     103
     114
     132
     102
     125
     121
     120
     120
     104
     114
     114
     112
     113
     101
     113
     111
     128
     116
     108
     115
     120
     125
     124
      97
     121
     125
      96
     139
     106
     104
     101
     119
     110
     127
     111
     132
     114
     105
     116
     124
     114
     128
     130
     110
      95
     103
     120
     124
     105
     138
     109
     112
     105
     110
     115
     121
     111
     119
     139
     101
     121
     115
     128
     137
      97
     123
     109
     127
     100
     110
     111
      92
     121
      99
     109
     114
     119
     104
      99
     100
     105
     121
     106
     111
     100
     129
     104
      94
     101
      91
      87
      99
      94
     121
      90
      97
      97
      87
     101
      96
      88
      84
     101
      77
      88
      94
      78
      78
      91
      74
      93
      90
      81
      71
      62
      73
      74
      71
      60
      62
      69
      67
      56
      71
      55
      51
      53
      49
      60
      54
      46
      48
      61
      39
      39
      36
      40
      44
      38
      52
      35
      42
      52
      40
      37
      35
      37
      39
      44
      32
      36
      41
      35
      33
      36
      36
      30
      27
      21
      33
      31
      21
      17
      29
      26
      28
      26
      25
      29
      25
      25
      26
      29
      26
      27
      17
      11
      24
      15
      21
      21
      23
      22
      28
      23
      14
       6
       7
      18
      17
      10
      22
      18
      18
      19
      16
       9
      13
      10
      22
      17
      16
      17
      10
      18
      14
      20
      17
      16
      10
      19
      18
      16
      22
      16
      15
      17
      10
      14
      12
      17
      21
      28
      19
      13
      20
      23
      26
      22
      21
      25
      23
      30
      21
      20
      17
      22
      21
      21
      27
      26
      26
      26
      33
      26
      23
      39
      34
      32
      35
      31
      40
      42
      40
      32
      40
      43
      54
      41
      52
      52
      51
      62
      36
      48
      46
      57
      56
      62
      58
      56
      61
      65
      72
      76
      61
      82
      72
      77
      64
      71
      82
     119
      83
      87
      92
      84
      87
     119
     108
     107
     128
     134
     119
     148
     119
     116
     144
     141
     155
     136
     155
     152
     162
     158
     169
     185
     193
     191
     207
     185
     208
     200
     187
     209
     224
     217
     225
     250
     224
     256
     250
     235
     248
     305
     278
     260
     264
     282
     276
     274
     261
     259
     281
     256
     286
     282
     288
     284
     311
     299
     281
     285
     292
     285
     305
     267
     279
     276
     293
     316
     281
     283
     278
     267
     263
     258
     268
     237
     246
     244
     257
     266
     219
     209
     232
     219
     201
     212
     243
     205
     199
     179
     173
     193
     192
     176
     189
     166
     153
     146
     141
     158
     119
     134
     106
      99
     109
      84
     116
      91
      84
      95
     115
      83
      91
      77
      55
      62
      64
      68
      61
      56
      46
      45
      41
      55
      48
      46
      36
      34
      35
      23
      31
      17
      27
      17
      28
      26
      16
      16
      16
      11
      16
      16
      18
       9
      14
       7
       5
       6
       7
       6
      12
       5
       7
       3
       3
       8
       5
       3
       1
       3
       2
       5
       3
       5
       1
       3
       0
       2
       1
       2
       6
       4
       1
       2
       0
       3
       1
       4
       1
       0
       0
       0
       0
       4
       3
       4
       0
       2
       2
       1
       1
       0
       1
       1
       0
       1
       2
       0
       0
       1
       1
       1
       1
       3
       1
       0
       2
       2
       0
       0
       0
       0
       0
       0
       0
       3
       0
       1
       1
       1
       2
       1
       0
       0
       0
       1
       1
       3
       1
       1
       0
       3
       0
       0
       1
       1
       1
       0
       0
       0
       0
       0
       3
       0
       3
       0
       1
       1
       2
       0
       0
       2
       1
       0
       0
       0
       0
       0
       1
       1
       1
       1
       0
       1
       0
       2
       2
       2
       2
       2
       0
       1
       0
       0
       1
       2
       1
       1
       0
       0
       1
       0
       1
       1
       2
       1
       0
       1
       0
       1
       0
       2
       2
       2
       0
       1
       1
       5
       0
       0
       0
       0
       0
       2
       3
       2
       1
       2
       0
       2
       1
       1
       0
       0
       3
       1
       0
       3
       0
       1
       0
       0
       1
       1
       0
       0
       2
       0
       2
       0
       4
       0
       0
       1
       0
       0
       2
       0
       0
       1
       0
       0
       1
       2
       1
       2
       1
       0
       0
       1
       0
       0
       1
       2
       2
       3
       0
       0
       1
       3
       0
       0
       0
       0
       2
       0
       0
       0
       1
       0
       0
       1
       1
       3
       5
       1
       0
       1
       3
       0
       0
       0
       0
       0
       2
       0
       0
       0
       3
       1
       1
       0
       1
       1
       1
       0
       0
       1
       0
       1
       1
       0
       1
       1
       1
       0
       1
       1
       0
       0
       1
       0
       1
       0
       0
       0
       0
       0
       1
       2
       2
       0
       1
       0
       0
       0
       0
       0
       0
       1
       1
       2
       2
       0
       0
       0
       0
       0
       0
       1
       0
       1
       0
       0
       0
       3
       0
       1
       0
       3
       2
       1
       0
       0
       0
       0
       1
       0
       0
       1
       1
       1
       0
       0
       0
       0
       1
       0
       0
       0
       2
       2
       0
       2
       2
       1
       1
       0
       1
       0
       0
       0
       0
       0
       0
       0
       2
       1
       0
       0
       0
       1
       0
       2
       0
       1
       0
       0
       0
       0
       0
       0
       0
       0
       0
       1
       2
       1
       2
       1
       0
       1
       0
       0
       1
       0
       1
       1
       0
       1
       0
       1
       1
       1
       0
       0
       0
       3
       0
       0
       0
       0
       0
       0
       0
       1
       0
       0
       1
       0
       0
       1
       0
       0
       1
       0
       0
       0
       0
       1
       0
       0
       2
       0
       0
       1
       1
       0
       0
       0
       2
       0
       1
       0
       0
       0
       1
       0
       0
       0
       0
       2
       0
       0
       1
       0
       0
       0
       0
       3
       0
       0
       0
       0
       1
       0
       0
       0
       0
       0
       0
       1
       2
       0
       2
       1
       0
       1
       0
       0
       2
       0
       0
       0
       0
       0
       1
       0
       1
       0
       1
       0
       2
       0
       1
       0
       0
       0
       0
       0
       0
       0
       0
       1
       0
       1
       0
       0
       0
       0
       1
       3
       0
       0
       1
       0
       1
       0
       0
       0
       1
       0
       1
       1
       0
       0
       0
       0
       1
       0
       1
       1
       1
       0
       0
       1
       0
       0
       3
       1
       1
       0
       1
       1
       2
       0
       1
       0
       1
       1
       2
       0
       0
       0
       1
       0
       0
       0
       2
       0
       0
       0
       1
       1
       1
       1
       1
       0
       0
       1
       3
       0
       1
       1
       4
       0
       0
       0
       0
       0
       0
       1
       0
       0
       0
       0
       1
       0
       0
       0
       2
       0
       1
       0
       0
       0
       0
       0
       1
       0
       1
       0
       0
       0
       0
       1
       2
       2
       2
       1
       0
       0
       0
       2
       0
       0
       0
       0
       0
       1
       0
       0
       0
       1
       0
       0
       0
       0
       1
       1
       0
       0
       0
       0
       0
       1
       0
       0
       0
       0
       0
       0
       0
       1
       1
       0
       1
       0
       0
       1
       0
       1
       0
       0
       1
       0
       0
       0
       0
       2
       0
       0
       0
       0
       0
       0
       0
       0
       0
       0
       0
       1
       1
       1
       0
       0
       0
       0
       0
       2
       0
       0
       1
       0
       1
       0
       0
       0
       1
       0
       0
       0
       0
       0
       0
       0
       1
       0
       0
       0
       1
       0
       1
       1
       1
       2
       0
       0
       1
       0
       0
       1
       1
       0
       0
       1
       1
       0
       1
       2
       1
       0
       0
       0
       0
       0
       0
       0
       0
       1
       0
       0
       0
       1
       0
       1
       0
       0
       0
       0
       3
       0
       2
       0
       0
       0
       1
       0
       0
       1
       1
       1
       0
       0
       0
       0
       0
       2
       1
       0
       0
       2
       0
       0
       1
       0
       2
       0
       1
       0
       0
       0
       0
       0
       0
       0
       0
       1
       0
       0
       0
       1
       1
       0
       0
       0
       0
       1
       0
       0
       0
       0
       0
       1
       0
       0
       0
       2
       0
       1
       0
       0
       0
       1
       0
       0
       0
       0
       0
       0
       0
       2
       0
       0
       0
       0
       0
       0
       0
       0
       0
       0
       0
       1
       0
       0
       0
       0
       0
       0
       0
       0
       0
       0
       0
       0
       0
       0
       0
       0
       0
       0
       0
       0
       2
       1
       0
       0
       1
       0
       0
       0
       0
       0
       0
       0
       0
       0
       0
       0
       0
       0
       0
       0
       0
       0
       0
       0
       0
       0
       0
       0
       0
       0
       0
       1
       0
       0
       0
       0
       0
       0
       0
       0
       0
       0
       0
       0
       0
       0
       0
       0
       0
       0
       0
       0
       0
       0
       0
       0
       0
       0
       0
       0
       0
       0
       0
       1
       0
       0
       0
       0
       0
       0
       0
       0
       0
       0
       1
       0
       0
       0
       0
       0
       0
       0
       0
       0
       0
       0
       0
       0
       0
       0
       0
       0
       0
       1
       0
       0
       0
       0
       0
       0
       0
       0
       0
       0
       0
       0
       0
       0
       0
       0
       0
       0
       0
       1
       0
       1
       0
       0
       0
       0
       0
       0
       0
       0
       0
       0
       0
       0
       0
       0
       0
       0
       0
       0
       0
       0
       0
       0
       0
       0
       0
       0
       0
       0
       0
       1
       0
       0
       0
       0
       0
       0
       0
       0
       0
       0
       0
       0
       0
       0
       0
       0
       0
       0
       0
       0
       0
       0
       0
       0
       0
       0
       0
       1
       0
       0
       0
       0
       0
       0
       0
       0
       0
       0
       0
       0
       0
       0
       0
       0
       0
       0
       0
       0
       1
       0
       0
       1
       0
       0
       0
       0
       0
       0
       0
       0
       0
       0
       0
       0
       0
       0
       0
       0
       0
       0
       0
       0
       0
       0
       0
       0
       0
       0
       0
       0
       0
       0
       0
       0
       0
       0
       0
       0
       0
       0
       0
       0
       0
       0
       0
       0
       0
       0
       0
       0
       0
       0
       0
       0
       0
       0
       0
       0
       0
       0
       0
       0
       0
       0
       0
       0
       0
       0
       0
       0
       0
       0
       0
       0
       0
       0
       0
       0
       0
       0
       0
       0
       0
       0
       0
       0
       0
       0
       0
       0
       0
       0
       0
       0
       0
       0
       0
       0
       0
       0
       0
       0
       0
       0
       0
       0
       0
       0
       0
       0
       0
       0
       0
       0
       0
       0
       0
       0
       0
       0
       0
       0
       0
       0
       0
       0
       0
       0
       0
$ROI:
2
1231 1234
2040 2046
$PRESETS:
Real Time
180
0
$ENER_FIT:
0.000000 1.851449
$MCA_CAL:
3
0.000000E+000 1.851449E+000 0.000000E+000 keV
$SHAPE_CAL:
3
0.000000E+000 0.000000E+000 0.000000E+000
