$SPEC_ID:
No sample description was entered.
$SPEC_REM:
DET# 1
DETDESC# PHYS480-PC1 MCB 129
AP# Maestro Version 6.08
$DATE_MEA:
11/05/2015 13:49:50
$MEAS_TIM:
847 848
$DATA:
0 2047
       0
       0
       0
       0
       0
       0
     577
    3001
     817
     508
     501
     648
     534
     204
      60
      37
      45
      35
      44
      27
      32
      36
      49
      37
      49
      28
      46
      33
      48
      39
      42
      31
      65
      38
      48
      51
      49
      72
      60
      60
      69
      59
      72
      68
      60
      76
      65
      55
      64
      77
      64
      56
      51
      60
      49
      67
      54
      55
      42
      48
      63
      56
      56
      46
      56
      65
      45
      56
      74
      62
      68
      62
      65
      70
      68
      71
      69
      76
      74
      96
      74
      79
      72
      91
      86
      93
      96
     102
      88
     103
     101
     101
     102
     101
      90
     101
      98
     105
     107
     127
     123
     125
     147
     127
     131
     107
     134
     121
     134
     132
     138
     130
     156
     130
     134
     161
     119
     155
     139
     139
     133
     140
     148
     127
     142
     154
     156
     151
     140
     131
     137
     138
     143
     141
     152
     160
     151
     146
     148
     149
     118
     160
     160
     142
     145
     133
     111
     143
     137
     152
     128
     154
     131
     146
     139
     149
     146
     155
     149
     148
     136
     161
     126
     139
     135
     143
     115
     158
     125
     123
     153
     130
     122
     137
     142
     126
     135
     127
     129
     123
     149
     122
     117
     134
      99
     132
     138
     107
     134
     132
     122
     132
     104
     107
     122
     139
     124
     118
     124
      99
     108
      96
     134
     105
     120
     128
     123
     113
     107
     101
     109
     129
     116
     104
     128
      99
     113
     128
     108
     121
     114
     116
     118
     115
     119
     126
     105
     108
      96
     104
     102
     115
     124
     108
     107
     104
     111
     105
      74
     110
      91
     105
      93
     103
     118
      97
     106
      86
     106
     113
      95
      87
      96
      97
      78
      79
      97
      80
      95
      91
      75
      87
      84
      89
      85
      76
      79
      67
      87
      73
      62
      77
      68
      90
      88
      84
      64
      65
      65
      70
      52
      70
      76
      62
      82
      57
      53
      63
      59
      65
      69
      79
      59
      66
      70
      58
      63
      53
      65
      55
      54
      64
      70
      45
      47
      49
      48
      50
      57
      57
      56
      61
      51
      50
      56
      59
      54
      60
      43
      55
      57
      46
      47
      42
      58
      39
      37
      40
      45
      39
      41
      69
      41
      43
      39
      43
      40
      52
      47
      45
      37
      53
      33
      43
      43
      46
      45
      44
      49
      36
      37
      46
      35
      37
      43
      33
      39
      31
      28
      39
      37
      31
      37
      33
      40
      37
      42
      37
      38
      47
      40
      43
      33
      38
      34
      39
      41
      40
      27
      34
      31
      40
      31
      44
      33
      29
      35
      31
      32
      36
      37
      34
      23
      38
      31
      36
      23
      32
      35
      27
      27
      32
      35
      18
      27
      28
      26
      27
      32
      29
      30
      28
      24
      23
      28
      35
      31
      30
      19
      33
      26
      34
      33
      13
      30
      26
      27
      22
      31
      31
      42
      23
      28
      23
      15
      27
      28
      22
      18
      26
      29
      25
      22
      20
      26
      21
      18
      22
      18
      19
      27
      17
      20
      20
      22
      23
      25
      25
      19
      26
      12
      26
      18
      17
      25
      21
      24
      20
      24
      20
      14
      17
      16
      17
      18
      27
      27
      28
      16
      14
       9
      21
      17
      15
      13
      24
      23
      30
      20
      15
      12
      18
      20
      15
      20
      14
      15
      10
      15
      15
      21
      12
      14
      13
      18
      21
      23
      28
      13
      24
      24
      17
      17
      19
      15
      22
      17
      14
      17
      19
      13
      20
      21
      21
      18
      23
      15
      17
      17
      15
      11
      21
      11
      16
      15
      25
      17
      17
      11
      21
      16
      16
      14
      17
      21
      18
      16
      15
      15
      19
      10
      13
      21
      18
      15
      10
      17
      17
      14
      19
      23
      14
      17
      22
      22
      14
      13
      16
      22
      23
      21
      10
      17
      16
      11
      23
      19
      34
      21
      18
      16
      21
      25
      19
      22
      22
      22
      23
      29
      21
      32
      21
      23
      30
      27
      27
      21
      15
      29
      24
      20
      18
      26
      16
      23
      21
      29
      21
      24
      33
      27
      20
      32
      34
      27
      25
      29
      27
      18
      27
      31
      24
      25
      29
      25
      30
      28
      21
      10
      24
      20
      15
      18
      28
      21
      28
      23
      24
      22
      17
      19
      18
      19
      13
      13
      16
      14
      14
      20
      18
      13
      15
      13
      12
      15
      11
      14
      12
      13
      12
      15
      10
      10
       7
      10
       9
      12
       6
      11
       7
      11
       8
       6
       8
      11
       8
       8
       8
       9
       9
      12
       5
       7
      10
      13
       9
       6
       8
      12
       9
       7
       9
      11
       9
       7
      11
       8
       5
       9
       8
       4
       7
      12
       8
      10
       8
       7
      13
       9
       9
      10
      10
       3
       8
       8
      10
       4
      11
      10
       7
      11
      13
       8
      13
      16
      14
      11
      10
       4
      19
      15
      14
      18
      16
      14
      12
       7
      11
       5
      10
      14
      16
      18
      12
      10
      16
      13
      20
      20
      16
      18
      13
       8
       8
      11
      11
      26
      19
      16
      20
      22
      16
      12
      23
      12
      16
      18
      18
      26
      21
      16
      18
      18
      18
      18
      23
      17
      24
      18
      14
      10
      20
      21
      21
      20
      16
      21
      15
      14
      20
      17
      12
      12
      12
      12
       9
      15
      16
      19
      20
      11
      19
      15
      11
      10
      18
      14
      13
      17
      13
       9
       9
      13
      14
       7
      10
      14
      10
      14
      10
      11
       7
      10
       7
      13
       6
       7
       8
      10
       3
      12
      11
       5
       9
       8
      10
      12
       9
       4
       5
       4
       6
       8
       3
       2
       8
       7
       7
       4
       4
       3
       9
       5
       7
       4
      13
       4
       4
       6
       2
       4
       4
       5
       3
       3
       1
       3
       6
       9
       6
       4
       3
       4
       5
       5
       4
       5
       2
       4
       7
       4
       4
       2
       2
       4
       2
       5
       4
       3
       4
       5
       4
       3
       4
       4
       5
       6
       5
       5
       2
       1
       5
       1
       7
       1
       4
       6
       6
       2
       4
       1
       8
       8
       1
       1
       4
       6
       4
       0
       5
       6
       3
       4
       1
       2
       4
       5
       4
       5
       3
       2
       3
       4
       3
       1
       5
       3
       8
       2
       4
       3
       1
       3
       5
       4
       3
       1
       6
       5
       3
       2
       3
       6
       6
       2
       1
       6
       1
       4
       3
       3
       5
       1
       4
       2
       2
       2
       3
       2
       1
       7
       2
       3
       1
       1
       6
       2
       3
       0
       5
       1
       2
       4
       7
       5
       2
       2
       1
       3
       6
       3
       2
       6
       3
       4
       4
       1
       3
       5
       1
       3
       3
       7
       4
       5
       6
       6
       1
       3
       2
       3
       5
       6
       6
       2
       5
       4
       4
       6
       6
       5
       4
       5
       5
       0
       2
       5
       3
       5
       5
       4
       4
       7
       5
       3
       2
       7
       3
       1
       4
       2
       2
       5
       4
       3
       6
       1
       4
       1
       3
       5
       2
       2
       4
       4
       6
       2
       3
       6
       4
       5
       4
       0
       4
       8
       3
       3
       0
       6
       6
       2
       2
       0
       1
       3
       0
       4
       6
       2
       6
       6
       2
       4
       3
       2
       3
       2
       7
       2
       5
       5
       4
       2
       3
       4
       1
       3
       4
       3
       4
       3
       5
       7
       4
       3
       3
       5
       2
       4
       2
       0
       3
       4
       4
       2
       1
       3
       1
       5
       1
       5
       8
       3
       8
       3
       4
       4
       2
       3
       4
       2
       2
       7
       4
       6
       5
       4
       2
       4
       3
       7
       4
       3
       4
       3
       3
       3
       1
       3
       5
       4
       1
       2
       2
       1
       4
       6
       4
       6
       2
       4
       3
       2
       3
       4
       4
       4
       3
       2
       2
       6
       2
       1
       1
       2
       1
       1
       2
       2
       3
       2
       3
       0
       2
       2
       1
       2
       3
       2
       2
       4
       4
       2
       7
       0
       4
       2
       2
       5
       2
       3
       3
       4
       0
       3
       2
       1
       4
       2
       2
       3
       3
       2
       3
       6
       2
       1
       4
       5
       2
       3
       1
       2
       1
       3
       0
       1
       4
       3
       1
       1
       0
       2
       2
       3
       1
       1
       4
       1
       2
       2
       0
       4
       4
       1
       4
       0
       2
       2
       2
       1
       1
       0
       1
       4
       3
       3
       2
       1
       3
       2
       1
       3
       2
       2
       1
       3
       1
       3
       0
       0
       1
       1
       1
       3
       3
       2
       2
       1
       1
       3
       0
       1
       6
       2
       1
       3
       3
       2
       4
       2
       1
       0
       2
       1
       1
       5
       2
       1
       0
       0
       0
       2
       1
       2
       3
       2
       0
       2
       2
       2
       1
       1
       0
       2
       0
       2
       2
       1
       3
       1
       2
       0
       0
       3
       2
       4
       2
       2
       4
       3
       2
       1
       3
       1
       2
       1
       5
       0
       3
       2
       5
       2
       2
       5
       1
       2
       2
       3
       3
       4
       1
       1
       4
       1
       2
       3
       1
       4
       3
       1
       2
       2
       3
       2
       2
       3
       3
       3
       4
       3
       3
       2
       3
       2
       2
       2
       5
       0
       3
       0
       3
       2
       2
       1
       3
       1
       4
       0
       0
       1
       1
       3
       0
       0
       2
       2
       1
       2
       3
       2
       2
       2
       4
       2
       0
       2
       1
       3
       0
       2
       2
       1
       2
       3
       0
       1
       2
       2
       2
       3
       2
       3
       1
       1
       1
       3
       4
       1
       1
       4
       3
       3
       2
       2
       0
       1
       0
       5
       1
       2
       1
       2
       2
       4
       2
       2
       1
       2
       0
       2
       2
       1
       3
       2
       0
       2
       3
       2
       2
       2
       2
       2
       2
       3
       3
       0
       0
       2
       1
       0
       3
       1
       1
       4
       3
       2
       5
       4
       1
       2
       5
       2
       3
       1
       2
       0
       2
       1
       3
       5
       1
       2
       4
       4
       0
       4
       0
       7
       1
       2
       1
       6
       4
       1
       6
       2
       3
       2
       1
       5
       1
       5
       0
       3
       0
       2
       1
       3
       1
       2
       4
       2
       3
       1
       3
       4
       1
       2
       3
       1
       3
       3
       1
       1
       1
       0
       1
       1
       1
       0
       4
       1
       1
       1
       1
       1
       2
       0
       1
       1
       2
       1
       1
       0
       1
       1
       0
       2
       3
       0
       1
       2
       1
       5
       3
       3
       6
       1
       1
       0
       1
       2
       1
       1
       3
       0
       3
       2
       0
       0
       0
       1
       1
       1
       1
       2
       0
       2
       1
       1
       2
       0
       0
       0
       3
       0
       0
       2
       2
       1
       0
       1
       2
       0
       2
       0
       4
       1
       2
       1
       0
       0
       0
       2
       2
       2
       1
       1
       1
       0
       1
       1
       0
       2
       0
       2
       0
       0
       0
       0
       0
       1
       0
       0
       0
       1
       0
       1
       1
       1
       0
       0
       0
       2
       0
       0
       1
       0
       1
       0
       0
       0
       0
       1
       0
       1
       1
       2
       0
       1
       1
       0
       0
       1
       0
       1
       0
       0
       0
       0
       2
       0
       0
       0
       0
       1
       1
       2
       0
       0
       0
       1
       0
       0
       0
       1
       0
       1
       1
       1
       1
       0
       0
       0
       0
       1
       0
       0
       0
       1
       1
       1
       0
       0
       1
       1
       0
       0
       0
       1
       2
       0
       0
       1
       0
       0
       0
       0
       0
       0
       1
       0
       0
       0
       0
       0
       0
       0
       0
       0
       1
       0
       0
       0
       0
       1
       0
       1
       1
       0
       0
       0
       0
       1
       0
       0
       0
       0
       1
       0
       0
       0
       0
       0
       1
       0
       0
       0
       0
       0
       0
       0
       0
       0
       0
       2
       0
       1
       0
       1
       0
       0
       0
       0
       0
       0
       0
       0
       0
       1
       0
       0
       0
       0
       0
       0
       0
       0
       0
       0
       0
       1
       0
       1
       3
       0
       0
       0
       0
       0
       0
       0
       0
       1
       0
       0
       1
       0
       1
       0
       0
       0
       0
       0
       0
       0
       0
       0
       0
       0
       0
       0
       0
       0
       0
       1
       0
       0
       0
       0
       0
       0
       0
       0
       0
       1
       0
       0
       0
       0
       0
       0
       0
       0
       0
       0
       0
       0
       0
       0
       0
       0
       0
       0
       0
       0
       0
       1
       0
       0
       0
       0
       0
       0
       1
       0
       0
       2
       0
       0
       0
       0
       0
       0
       0
       0
       0
       0
       1
       0
       0
       0
       0
       1
       0
       0
       0
       0
       0
       1
       0
       0
       0
       0
       0
       0
       0
       0
       1
       0
       0
       0
       0
       1
       0
       0
       0
       0
       0
       0
       0
       0
       0
       0
       1
       1
       0
       0
       0
       0
       0
       0
       0
       0
       0
       0
       0
       0
       0
       0
       0
       0
       0
       0
       0
       0
       0
       1
       0
       0
       0
       0
       0
       0
       0
       0
       0
       0
       0
       0
       0
       0
       0
       0
       0
       0
       0
       0
       0
       0
       0
       0
       0
       0
       0
       0
       0
       0
       0
       0
       0
       0
       0
       0
       0
       0
       0
       0
       0
       0
       0
       0
       0
       0
       0
       0
       0
       0
       0
       0
       0
       0
       0
       0
       0
       0
       0
       0
       0
       0
       0
       0
       0
       0
       0
       0
       0
       0
       0
       0
       0
       0
       0
       0
       0
       0
       0
       0
       0
       0
       0
       0
       0
       0
       0
       0
       0
       0
       0
       0
       0
       0
       0
       0
       0
       0
       0
       0
       0
       0
       0
       0
       0
       0
       0
       0
       0
$ROI:
2
1231 1234
2040 2046
$PRESETS:
None
0
0
$ENER_FIT:
0.000000 1.851449
$MCA_CAL:
3
0.000000E+000 1.851449E+000 0.000000E+000 keV
$SHAPE_CAL:
3
0.000000E+000 0.000000E+000 0.000000E+000
