$SPEC_ID:
No sample description was entered.
$SPEC_REM:
DET# 1
DETDESC# PHYS480-PC1 MCB 129
AP# Maestro Version 6.08
$DATE_MEA:
10/29/2015 15:01:46
$MEAS_TIM:
85 89
$DATA:
0 2047
       0
       0
       0
       9
      32
      54
    1607
    2614
    2046
    1850
    1639
    1718
    1533
    1596
    1681
    1820
    1957
    2253
    2939
    3945
    5776
    8151
   10793
   13018
   14784
   14380
   13068
   10873
    8590
    6424
    4508
    3637
    2993
    2445
    2108
    2022
    1913
    1823
    1760
    1841
    1819
    1813
    1788
    1837
    1830
    1754
    1913
    1842
    1818
    1775
    1850
    1730
    1738
    1786
    1756
    1751
    1772
    1784
    1716
    1734
    1806
    1798
    1691
    1671
    1818
    1791
    1784
    1746
    1731
    1717
    1768
    1745
    1766
    1742
    1747
    1737
    1835
    1777
    1734
    1797
    1817
    1794
    1744
    1775
    1767
    1706
    1788
    1780
    1794
    1695
    1828
    1847
    1847
    1709
    1716
    1769
    1775
    1754
    1795
    1869
    1804
    1806
    1771
    1841
    1842
    1973
    1906
    1913
    1967
    2035
    2125
    2173
    2185
    2167
    2248
    2233
    2336
    2384
    2343
    2394
    2386
    2390
    2380
    2309
    2286
    2310
    2293
    2154
    2197
    2104
    2074
    2025
    2002
    1939
    1954
    1947
    1854
    1881
    1818
    1857
    1800
    1850
    1793
    1753
    1739
    1868
    1775
    1827
    1691
    1722
    1727
    1713
    1679
    1768
    1729
    1762
    1720
    1695
    1699
    1662
    1703
    1664
    1647
    1654
    1694
    1656
    1674
    1619
    1644
    1593
    1634
    1587
    1605
    1530
    1578
    1580
    1624
    1609
    1549
    1534
    1552
    1579
    1585
    1513
    1542
    1576
    1509
    1489
    1490
    1526
    1518
    1537
    1440
    1498
    1500
    1468
    1445
    1425
    1559
    1496
    1480
    1507
    1499
    1536
    1435
    1404
    1474
    1499
    1467
    1487
    1453
    1474
    1463
    1470
    1442
    1371
    1509
    1507
    1472
    1437
    1509
    1490
    1450
    1482
    1398
    1390
    1498
    1371
    1459
    1432
    1454
    1451
    1420
    1449
    1442
    1431
    1405
    1454
    1451
    1532
    1429
    1440
    1436
    1488
    1580
    1539
    1428
    1482
    1510
    1465
    1415
    1466
    1488
    1463
    1501
    1408
    1490
    1436
    1543
    1430
    1458
    1501
    1478
    1500
    1450
    1460
    1462
    1439
    1511
    1379
    1477
    1434
    1451
    1419
    1401
    1352
    1363
    1365
    1324
    1262
    1302
    1178
    1199
    1207
    1150
    1088
    1047
    1054
    1018
    1061
     989
     929
     863
     861
     754
     776
     820
     719
     708
     686
     666
     621
     574
     578
     512
     538
     469
     458
     457
     448
     382
     380
     361
     359
     340
     371
     325
     330
     311
     281
     255
     238
     232
     236
     258
     228
     244
     207
     216
     200
     208
     188
     204
     179
     207
     189
     201
     175
     203
     183
     163
     211
     188
     205
     181
     191
     218
     197
     221
     262
     215
     235
     230
     251
     278
     278
     273
     327
     335
     375
     391
     414
     397
     425
     460
     550
     544
     542
     635
     647
     698
     708
     789
     847
     887
     933
    1049
    1099
    1164
    1296
    1316
    1465
    1532
    1620
    1747
    1826
    1928
    2036
    2099
    2272
    2325
    2391
    2509
    2733
    2786
    2879
    3048
    3077
    3105
    3226
    3397
    3394
    3478
    3497
    3654
    3598
    3731
    3769
    3722
    3604
    3612
    3568
    3452
    3438
    3361
    3331
    3256
    3111
    2998
    2961
    2730
    2775
    2493
    2532
    2307
    2158
    2098
    1845
    1751
    1659
    1542
    1402
    1381
    1180
    1140
     985
     934
     860
     774
     678
     603
     565
     464
     406
     389
     324
     319
     277
     219
     202
     187
     159
     145
     114
     103
      89
      95
      77
      52
      52
      43
      33
      35
      24
      24
      28
      33
      25
      14
      18
      17
      21
      11
      13
      19
       9
       9
      16
       8
       6
      13
      10
      10
      11
      11
      10
      10
       8
       8
      11
      15
      11
      14
       9
      12
      10
      10
       6
      10
       7
      11
      11
       8
       7
       9
      13
       6
       4
       9
       5
       6
       4
      10
       7
      11
      12
       9
       4
       6
       6
       4
      15
       9
       4
       9
       7
       7
       7
       9
       7
       7
       8
       4
       8
       6
       8
       8
       5
       8
       9
       8
       4
       7
       4
       5
       7
       2
       8
       4
       4
       2
       5
       8
       3
       7
       6
       1
       9
       4
       6
       7
       6
       4
       2
       2
       4
       5
       3
       2
       2
       4
       6
       6
       2
       4
       3
       5
       3
       6
       6
       1
       3
       8
       5
       2
       8
       3
       9
       5
       9
       1
       4
       3
       5
       2
       6
       2
       4
       4
       6
       7
       6
       3
       3
      10
      10
       5
       5
       5
       6
       7
       4
       9
       5
       8
       4
       2
       4
       4
      12
       5
       0
       4
       2
       6
       4
       6
       3
       2
       2
       4
       3
       4
       5
       5
       6
       1
       3
       1
       4
       0
       4
       3
       3
       4
       2
       5
       2
       6
       4
       1
       2
       4
       1
       1
       2
       5
       3
       5
       1
       1
       2
       6
       1
       2
       3
       1
       2
       0
       2
       1
       2
       3
       5
       2
       5
       2
       1
       4
       3
       1
       2
       1
       1
       2
       3
       0
       2
       2
       1
       1
       3
       2
       2
       3
       2
       3
       1
       3
       2
       3
       1
       1
       4
       1
       1
       5
       3
       2
       2
       1
       2
       2
       2
       3
       1
       3
       1
       1
       1
       2
       3
       1
       0
       3
       3
       0
       1
       2
       1
       3
       4
       0
       0
       2
       0
       0
       1
       2
       2
       2
       0
       0
       1
       2
       0
       0
       1
       1
       1
       2
       1
       3
       2
       0
       1
       0
       1
       1
       1
       2
       2
       1
       0
       1
       0
       0
       1
       0
       0
       1
       2
       1
       0
       1
       0
       1
       0
       1
       3
       0
       2
       1
       1
       2
       2
       1
       0
       0
       2
       0
       2
       2
       1
       0
       3
       2
       1
       2
       1
       2
       0
       1
       1
       1
       1
       0
       1
       2
       0
       3
       1
       1
       1
       0
       2
       0
       0
       2
       4
       1
       3
       1
       1
       1
       0
       0
       1
       0
       3
       1
       0
       2
       2
       1
       0
       0
       1
       0
       0
       3
       0
       1
       1
       3
       3
       2
       0
       3
       0
       0
       3
       1
       0
       0
       3
       1
       0
       0
       1
       0
       1
       1
       0
       1
       1
       0
       0
       1
       0
       0
       1
       0
       0
       1
       0
       0
       0
       0
       0
       1
       1
       0
       1
       0
       0
       0
       0
       0
       0
       0
       0
       0
       1
       0
       0
       0
       0
       0
       0
       0
       0
       0
       0
       0
       1
       0
       0
       0
       0
       1
       0
       0
       0
       0
       0
       0
       1
       0
       0
       1
       0
       0
       0
       1
       0
       1
       0
       1
       0
       0
       0
       0
       0
       0
       0
       0
       0
       0
       0
       1
       0
       0
       0
       0
       0
       0
       0
       0
       1
       0
       0
       0
       0
       0
       0
       0
       0
       0
       0
       0
       0
       0
       0
       0
       0
       0
       0
       1
       0
       0
       0
       0
       0
       0
       0
       0
       0
       0
       0
       0
       0
       0
       0
       0
       0
       0
       0
       0
       0
       0
       0
       1
       0
       0
       0
       0
       0
       0
       0
       0
       0
       0
       0
       0
       0
       0
       0
       0
       0
       0
       0
       0
       0
       0
       0
       0
       0
       0
       0
       0
       0
       0
       0
       0
       0
       0
       0
       0
       0
       0
       0
       0
       1
       0
       0
       0
       0
       0
       0
       0
       0
       0
       0
       0
       0
       0
       0
       0
       0
       0
       0
       0
       1
       0
       0
       0
       0
       0
       0
       0
       0
       0
       0
       0
       0
       0
       0
       0
       0
       0
       0
       0
       0
       0
       0
       0
       0
       0
       0
       0
       0
       0
       0
       0
       0
       0
       0
       0
       0
       0
       0
       0
       0
       0
       0
       0
       0
       0
       0
       0
       0
       0
       0
       0
       0
       0
       0
       0
       1
       1
       0
       0
       0
       0
       0
       0
       0
       0
       0
       0
       0
       0
       0
       0
       0
       0
       0
       0
       0
       0
       0
       0
       0
       0
       0
       0
       0
       0
       0
       0
       0
       0
       0
       0
       0
       0
       0
       0
       0
       0
       0
       0
       0
       0
       0
       0
       0
       0
       0
       0
       0
       0
       0
       1
       0
       0
       0
       0
       0
       0
       0
       0
       0
       0
       0
       0
       0
       0
       0
       0
       0
       0
       0
       0
       0
       0
       0
       0
       0
       0
       0
       0
       0
       0
       0
       0
       0
       0
       0
       0
       0
       0
       0
       0
       0
       0
       0
       0
       0
       0
       0
       0
       0
       0
       0
       0
       0
       0
       0
       0
       0
       0
       0
       0
       0
       0
       0
       0
       0
       0
       0
       0
       0
       0
       0
       0
       0
       0
       0
       0
       0
       0
       0
       0
       0
       0
       0
       0
       0
       0
       0
       0
       0
       0
       0
       0
       0
       0
       0
       0
       0
       0
       0
       0
       0
       0
       0
       0
       0
       0
       0
       0
       0
       0
       0
       0
       0
       0
       0
       0
       0
       0
       0
       0
       0
       0
       0
       0
       0
       0
       0
       0
       0
       0
       0
       0
       0
       0
       0
       0
       1
       0
       0
       0
       0
       0
       0
       0
       0
       0
       0
       0
       0
       0
       0
       0
       0
       0
       0
       0
       0
       0
       0
       0
       0
       0
       0
       0
       0
       0
       0
       0
       0
       0
       0
       0
       0
       0
       0
       0
       0
       0
       0
       0
       0
       0
       0
       0
       0
       0
       0
       0
       0
       0
       0
       0
       0
       0
       0
       0
       0
       0
       0
       0
       0
       0
       0
       0
       0
       0
       0
       0
       0
       0
       0
       0
       0
       0
       0
       0
       0
       0
       0
       0
       0
       0
       0
       1
       0
       0
       0
       0
       0
       0
       0
       0
       0
       0
       0
       0
       0
       0
       0
       0
       0
       0
       0
       0
       0
       0
       0
       0
       0
       0
       0
       0
       0
       0
       0
       0
       0
       0
       0
       0
       0
       0
       0
       0
       0
       0
       0
       0
       0
       0
       0
       0
       0
       0
       0
       0
       0
       0
       0
       0
       0
       0
       0
       0
       0
       0
       0
       0
       0
       0
       0
       0
       0
       0
       0
       0
       0
       0
       0
       0
       0
       0
       0
       0
       0
       0
       0
       0
       0
       0
       0
       0
       0
       0
       0
       0
       0
       0
       0
       0
       0
       0
       0
       0
       0
       0
       0
       0
       0
       0
       0
       0
       0
       0
       0
       0
       0
       0
       0
       0
       0
       0
       0
       0
       0
       0
       0
       0
       0
       0
       0
       0
       0
       0
       0
       0
       0
       0
       0
       0
       0
       0
       0
       0
       0
       0
       0
       0
       0
       0
       0
       0
       0
       0
       0
       0
       0
       0
       0
       0
       0
       0
       0
       0
       0
       0
       0
       0
       0
       0
       0
       0
       0
       0
       0
       0
       0
       0
       0
       0
       0
       0
       0
       0
       0
       0
       0
       0
       0
       0
       0
       0
       0
       0
       0
       0
       0
       0
       0
       0
       0
       0
       0
       0
       0
       0
       0
       0
       0
       0
       0
       0
       0
       0
       0
       0
       0
       0
       0
       0
       0
       0
       0
       0
       0
       0
       0
       0
       0
       0
       0
       0
       0
       0
       0
       0
       0
       0
       0
       0
       0
       0
       0
       0
       0
       0
       0
       0
       0
       0
       0
       0
       0
       0
       0
       0
       0
       0
       0
       0
       0
       0
       0
       0
       0
       0
       0
       0
       0
       0
       0
       0
       0
       0
       0
       0
       0
       0
       0
       0
       0
       0
       0
       0
       0
       0
       0
       0
       0
       0
       0
       0
       0
       0
       0
       0
       0
       0
       0
       0
       0
       0
       0
       0
       0
       0
       0
       0
       0
       0
       0
       0
       0
       0
       0
       0
       0
       0
       0
       0
       0
       0
       0
       0
       0
       0
       0
       0
       0
       0
       0
       0
       0
       0
       0
       0
       0
       0
       0
       0
       0
       0
       0
       0
       0
       0
       0
       0
       0
       0
       0
       0
       0
       0
       0
       0
       0
       0
       0
       0
       0
       0
       0
       0
       0
       0
       0
       0
       0
       0
       0
       0
       0
       0
       0
       0
       0
       0
       0
       0
       0
       0
       0
       0
       0
       0
       0
       0
       0
       0
       0
       0
       0
       0
       0
       0
       0
       0
       0
       0
       0
       0
       0
       0
       0
       0
       0
       0
       0
       0
       0
       0
       0
       0
       0
       0
       0
       0
       0
       0
       0
       0
       0
       0
       0
       0
       0
       0
       0
       0
       0
       0
       0
       0
       0
       0
       0
       0
       0
       0
       0
       0
       0
       0
       0
       0
       0
       0
       0
       0
       0
       0
       0
       0
       0
       0
       0
       0
       0
       0
       0
       0
       0
       0
       0
       0
       0
       0
       0
       0
       0
       0
       0
       0
       0
       0
       0
       0
       0
       0
       0
       0
       0
       0
       0
       0
       0
       0
       0
       0
       0
       0
       0
       0
       0
       0
       0
       0
       0
       0
       0
       0
       0
       0
       0
       0
       0
       0
       0
       0
       0
       0
       0
       0
       0
       0
       0
       0
       0
       0
       0
       0
       0
       0
       0
       0
       0
       0
       0
       0
       0
       0
       0
       0
       0
       0
       0
       0
       0
       0
       0
       0
       0
       0
       0
       0
       0
       0
       0
       0
       0
       0
       0
       0
       0
       0
       0
       0
       0
       0
       0
       0
       0
       0
       0
       0
       0
       0
       0
       0
       0
       0
       0
       0
       0
       0
       0
       0
       0
       0
       0
       0
       0
       0
       0
       0
       0
       0
       0
       0
       0
       0
       0
       0
       0
       0
       0
       0
       0
       0
       0
       0
       0
       0
       0
       0
       0
       0
       0
       0
       0
       0
       0
       0
       0
       0
       0
       0
       0
       0
       0
       0
       0
       0
       0
       0
       0
       0
       0
       0
       0
       0
       0
       0
       0
       0
       0
       0
       0
       0
       0
       0
       0
       0
       0
       0
       0
       0
       0
       0
       0
       0
       0
       0
       0
       0
       0
       0
       0
       0
       0
       0
       0
$ROI:
0
$PRESETS:
None
0
0
$ENER_FIT:
0.000000 0.759287
$MCA_CAL:
3
0.000000E+000 7.592868E-001 0.000000E+000 keV
$SHAPE_CAL:
3
0.000000E+000 0.000000E+000 0.000000E+000
