$SPEC_ID:
No sample description was entered.
$SPEC_REM:
DET# 1
DETDESC# PHYS480-PC1 MCB 129
AP# Maestro Version 6.08
$DATE_MEA:
10/29/2015 14:43:16
$MEAS_TIM:
211 212
$DATA:
0 2047
       0
       0
       0
       0
       0
       0
     983
    1344
     414
     425
     458
     381
     333
     344
     313
     315
     310
     298
     330
     360
     338
     364
     373
     383
     390
     322
     342
     288
     300
     279
     276
     291
     329
     312
     320
     298
     287
     319
     312
     284
     328
     318
     315
     339
     291
     286
     289
     317
     310
     273
     340
     328
     334
     370
     326
     349
     351
     297
     334
     311
     323
     295
     288
     316
     312
     313
     319
     327
     325
     338
     310
     389
     310
     320
     316
     335
     294
     303
     318
     333
     333
     318
     312
     315
     312
     315
     331
     325
     348
     345
     284
     321
     325
     308
     292
     308
     304
     313
     318
     293
     301
     314
     294
     325
     330
     278
     303
     294
     273
     313
     299
     281
     275
     298
     318
     327
     289
     327
     339
     319
     341
     344
     341
     354
     344
     361
     376
     384
     412
     441
     391
     382
     407
     402
     411
     426
     381
     411
     408
     399
     393
     388
     358
     386
     390
     372
     406
     364
     363
     329
     346
     331
     336
     333
     339
     303
     326
     325
     280
     300
     303
     318
     329
     304
     306
     292
     307
     286
     289
     282
     312
     293
     245
     303
     269
     287
     321
     296
     300
     298
     284
     260
     302
     284
     279
     255
     295
     276
     276
     292
     290
     270
     252
     279
     258
     268
     257
     275
     281
     259
     274
     244
     217
     265
     238
     236
     271
     241
     271
     230
     234
     260
     240
     237
     260
     239
     238
     235
     222
     234
     218
     242
     251
     211
     248
     210
     216
     222
     245
     215
     211
     228
     211
     213
     245
     248
     205
     241
     216
     197
     207
     242
     207
     218
     218
     231
     203
     227
     228
     232
     218
     233
     219
     247
     214
     218
     211
     210
     226
     200
     220
     203
     198
     195
     221
     209
     212
     213
     222
     212
     205
     216
     202
     201
     223
     220
     212
     207
     218
     216
     200
     182
     213
     198
     227
     197
     222
     217
     199
     228
     207
     207
     236
     213
     221
     170
     227
     194
     204
     229
     229
     209
     195
     206
     181
     205
     215
     218
     220
     200
     192
     207
     204
     214
     182
     204
     219
     196
     198
     197
     200
     203
     189
     195
     205
     188
     186
     191
     212
     217
     215
     203
     227
     204
     199
     201
     201
     174
     208
     188
     209
     180
     184
     214
     189
     214
     191
     192
     186
     184
     185
     227
     165
     191
     205
     195
     200
     181
     212
     186
     207
     204
     174
     201
     204
     185
     207
     218
     190
     194
     186
     216
     199
     194
     221
     219
     199
     206
     185
     226
     211
     186
     217
     181
     206
     187
     200
     205
     179
     209
     211
     229
     193
     206
     183
     208
     209
     190
     187
     216
     197
     185
     220
     232
     183
     188
     218
     196
     206
     219
     175
     206
     204
     202
     208
     200
     187
     219
     214
     218
     227
     202
     197
     177
     187
     226
     200
     216
     209
     211
     219
     196
     210
     200
     197
     188
     196
     215
     218
     213
     214
     213
     216
     208
     240
     230
     208
     248
     204
     217
     221
     209
     197
     198
     213
     213
     222
     240
     225
     234
     197
     220
     195
     223
     211
     227
     227
     224
     220
     228
     227
     215
     235
     247
     214
     227
     205
     242
     210
     229
     228
     232
     260
     231
     247
     220
     175
     255
     225
     208
     237
     230
     242
     216
     246
     246
     245
     237
     240
     236
     240
     228
     202
     230
     233
     255
     213
     273
     234
     245
     244
     226
     225
     235
     261
     239
     235
     233
     277
     224
     245
     250
     241
     230
     256
     282
     260
     266
     248
     246
     258
     250
     247
     256
     239
     230
     253
     272
     236
     246
     267
     230
     262
     239
     247
     255
     271
     228
     253
     241
     250
     239
     239
     219
     239
     241
     248
     247
     240
     271
     246
     242
     217
     228
     206
     210
     222
     229
     232
     244
     219
     201
     229
     210
     213
     195
     179
     203
     178
     196
     202
     193
     193
     194
     193
     181
     201
     191
     193
     194
     183
     173
     147
     145
     184
     151
     170
     184
     149
     150
     151
     144
     151
     164
     154
     184
     135
     146
     158
     176
     139
     172
     154
     156
     133
     136
     159
     134
     155
     176
     153
     120
     138
     145
     150
     156
     133
     146
     164
     136
     153
     131
     164
     132
     149
     150
     145
     147
     127
     156
     123
     144
     143
     165
     152
     137
     154
     148
     160
     187
     155
     162
     141
     140
     145
     142
     155
     162
     131
     122
     133
     154
     142
     163
     157
     131
     147
     160
     153
     166
     152
     149
     171
     169
     143
     173
     203
     174
     159
     168
     163
     177
     155
     206
     187
     186
     192
     187
     209
     187
     198
     203
     181
     202
     229
     221
     218
     222
     200
     228
     206
     233
     248
     208
     219
     236
     220
     217
     227
     245
     236
     246
     225
     242
     242
     211
     243
     239
     205
     206
     205
     237
     207
     191
     190
     143
     155
     186
     184
     190
     164
     173
     171
     148
     152
     138
     136
     150
     143
     122
     119
     134
     118
     112
     106
     117
     102
      90
      75
      95
      93
      95
      94
      86
      90
      88
      78
      72
      69
      95
      74
      76
      68
      76
      77
      80
      61
      80
      67
      62
      63
      80
      83
      77
      81
      79
      59
     101
      87
      94
      77
      92
     109
     100
     105
      94
     106
     115
     148
     104
     105
     125
     126
     122
     109
     115
     128
     142
     136
     128
     151
     133
     137
     141
     157
     155
     149
     174
     150
     157
     148
     154
     152
     142
     129
     166
     149
     137
     158
     166
     145
     134
     148
     115
     125
     143
     112
     149
     140
     136
     124
     114
     102
     106
     114
     100
      95
      97
     117
     102
      87
      83
      83
      75
      72
      75
      80
      71
      70
      76
      46
      62
      57
      46
      51
      46
      45
      33
      40
      37
      35
      33
      42
      24
      32
      20
      27
      11
      23
      18
       9
      19
      15
      12
      18
      20
      10
       5
       9
      15
       7
       9
      11
       7
      12
       6
       8
       6
       5
       9
       6
       7
       6
       3
       3
       1
       9
       4
       5
       2
       6
       5
       6
       3
       3
       4
       8
       2
       2
       1
       0
       6
       6
       1
       4
       7
       0
       4
       4
       4
       8
       3
       2
       3
       2
       5
       3
       2
       1
       0
       4
       1
       1
       6
       0
       1
       1
       2
       4
       3
       2
       1
       2
       8
       8
       1
       4
       2
       1
       4
       3
       1
       3
       4
       3
       2
       3
       4
       3
       2
       1
       1
       4
       2
       2
       2
       0
       3
       1
       1
       2
       1
       1
       1
       3
       1
       6
       3
       1
       0
       0
       3
       1
       0
       0
       0
       3
       0
       2
       2
       1
       3
       1
       4
       2
       1
       2
       2
       5
       1
       4
       3
       0
       3
       4
       2
       2
       4
       2
       1
       1
       1
       2
       3
       2
       0
       1
       1
       5
       3
       4
       2
       1
       0
       2
       1
       3
       2
       1
       1
       1
       4
       1
       2
       0
       1
       0
       4
       0
       3
       1
       2
       3
       2
       0
       2
       2
       3
       4
       0
       1
       2
       1
       4
       3
       1
       0
       0
       0
       2
       1
       2
       0
       1
       1
       1
       2
       0
       3
       2
       2
       6
       0
       0
       2
       3
       1
       2
       1
       0
       1
       4
       0
       1
       1
       2
       1
       1
       0
       1
       1
       5
       3
       1
       1
       0
       3
       0
       1
       0
       2
       2
       0
       1
       0
       2
       2
       0
       2
       5
       2
       1
       2
       3
       3
       2
       0
       2
       0
       1
       2
       1
       0
       2
       0
       3
       2
       0
       1
       0
       0
       2
       5
       0
       2
       3
       2
       0
       2
       1
       0
       2
       2
       1
       1
       0
       1
       2
       1
       1
       3
       3
       0
       1
       0
       0
       4
       1
       0
       3
       0
       0
       1
       2
       3
       1
       2
       2
       0
       6
       4
       1
       0
       4
       2
       1
       2
       2
       2
       1
       3
       4
       0
       2
       2
       0
       1
       2
       1
       2
       0
       1
       1
       1
       1
       1
       2
       1
       3
       0
       1
       1
       1
       2
       0
       2
       0
       1
       3
       4
       1
       0
       2
       2
       1
       3
       1
       2
       1
       2
       0
       2
       0
       1
       1
       0
       1
       2
       1
       2
       0
       1
       2
       1
       0
       1
       0
       0
       0
       1
       0
       1
       1
       2
       1
       0
       0
       2
       4
       0
       1
       1
       3
       2
       2
       1
       1
       0
       1
       0
       1
       3
       2
       1
       2
       0
       3
       1
       6
       2
       0
       0
       0
       3
       1
       0
       1
       3
       1
       2
       1
       1
       0
       1
       0
       2
       1
       1
       1
       0
       0
       0
       1
       0
       1
       0
       1
       3
       4
       0
       0
       1
       0
       0
       2
       2
       2
       1
       1
       0
       0
       0
       0
       0
       0
       0
       0
       0
       0
       0
       1
       1
       1
       0
       1
       0
       1
       2
       1
       1
       1
       1
       1
       1
       1
       3
       1
       1
       1
       0
       0
       1
       0
       0
       0
       1
       0
       1
       0
       2
       0
       0
       1
       1
       0
       1
       1
       0
       1
       1
       0
       0
       2
       1
       1
       1
       2
       0
       1
       0
       1
       1
       0
       1
       1
       0
       1
       2
       2
       0
       1
       1
       1
       2
       1
       0
       2
       0
       0
       0
       1
       0
       0
       1
       0
       2
       2
       0
       0
       0
       0
       0
       2
       0
       1
       0
       0
       0
       1
       0
       0
       2
       1
       2
       0
       1
       0
       1
       0
       0
       0
       0
       0
       0
       1
       1
       3
       0
       1
       1
       0
       1
       1
       0
       1
       4
       1
       0
       0
       0
       1
       1
       1
       1
       0
       0
       0
       1
       1
       2
       2
       0
       2
       1
       0
       0
       0
       1
       0
       1
       0
       1
       1
       0
       0
       0
       0
       5
       0
       0
       0
       2
       0
       1
       1
       0
       0
       0
       0
       1
       0
       0
       0
       0
       0
       1
       0
       0
       0
       2
       1
       0
       0
       0
       0
       1
       1
       1
       0
       0
       0
       0
       0
       0
       0
       2
       0
       1
       1
       0
       0
       0
       1
       1
       0
       0
       0
       0
       0
       0
       1
       0
       0
       0
       0
       0
       0
       0
       0
       0
       0
       0
       0
       1
       0
       0
       0
       0
       1
       1
       0
       0
       1
       1
       0
       0
       0
       0
       0
       0
       0
       0
       2
       0
       0
       1
       0
       0
       2
       0
       1
       0
       0
       0
       0
       0
       0
       1
       0
       0
       1
       1
       0
       0
       0
       0
       1
       1
       0
       0
       0
       0
       0
       0
       0
       0
       0
       0
       0
       0
       1
       0
       0
       0
       0
       0
       0
       0
       0
       0
       0
       0
       1
       1
       0
       0
       1
       0
       0
       0
       0
       0
       1
       1
       0
       1
       1
       0
       0
       0
       0
       0
       0
       0
       1
       1
       0
       1
       0
       0
       0
       0
       1
       0
       2
       0
       0
       0
       1
       0
       0
       1
       0
       0
       0
       2
       0
       0
       0
       0
       0
       0
       1
       0
       0
       1
       0
       0
       0
       1
       0
       0
       0
       0
       0
       0
       0
       0
       0
       0
       0
       1
       0
       0
       1
       1
       0
       0
       0
       0
       0
       0
       1
       0
       0
       0
       0
       1
       0
       0
       1
       0
       0
       0
       0
       0
       0
       0
       0
       0
       0
       0
       0
       0
       0
       0
       0
       0
       1
       0
       0
       0
       1
       0
       1
       0
       0
       0
       0
       1
       0
       0
       0
       0
       0
       0
       0
       0
       2
       1
       0
       0
       0
       0
       0
       0
       0
       0
       0
       0
       0
       1
       0
       0
       0
       0
       0
       0
       0
       0
       0
       1
       0
       0
       1
       0
       0
       0
       0
       0
       0
       0
       0
       0
       0
       0
       0
       0
       1
       0
       0
       0
       0
       0
       0
       0
       0
       0
       0
       0
       0
       0
       0
       0
       0
       0
       0
       0
       0
       0
       0
       0
       0
       0
       0
       0
       0
       0
       0
       0
       0
       0
       0
       0
       0
       0
       0
       0
       0
       0
       0
       0
       0
       0
       0
       0
       0
       0
       0
       0
       0
       0
       0
       0
       0
       0
       0
       0
       0
       0
       0
       0
       0
       0
       0
       0
       0
       0
       0
       0
       0
       0
       0
       0
       0
       0
       0
       0
       0
       0
       0
       0
       0
       0
       0
       0
       0
       0
       0
       0
       0
       0
       0
       0
       0
       0
       0
       0
       0
       0
       0
       0
       0
       0
       0
       0
       0
       0
       0
       0
       0
       0
       0
       0
       0
       0
       0
       0
       0
       0
       0
       0
       0
       0
       0
       0
       0
       0
       0
       0
       0
       0
       0
       0
       0
       0
       0
       0
       0
       0
       0
       0
       0
       0
       0
       0
       0
       0
       0
       0
       0
       0
       0
       0
       0
       0
       0
       0
       0
       0
       0
       0
       0
       0
       0
       0
       0
       0
       0
       0
       0
       0
       0
       0
       0
       0
       0
       0
       0
       0
       0
       0
       0
       0
       0
       0
       0
       0
       0
       0
       0
       0
       0
       0
       0
       0
       0
       0
       0
       0
       0
       0
       0
       0
       0
       0
       0
       0
       0
       0
       0
       0
       0
       0
       0
       0
       0
       0
       0
       0
       0
       0
       0
       0
       0
       0
       0
       0
       0
       0
       0
       0
       0
       0
       0
       0
       0
       0
       0
       0
       0
       0
       0
       0
       0
       0
       0
       0
       0
       0
       0
       0
       0
       0
       0
       0
       0
       0
       0
       0
       0
       0
       0
       0
       0
       0
       0
       0
       0
       0
       0
       0
       0
       0
       0
       0
       0
       0
$ROI:
0
$PRESETS:
None
0
0
$ENER_FIT:
0.000000 0.759287
$MCA_CAL:
3
0.000000E+000 7.592868E-001 0.000000E+000 keV
$SHAPE_CAL:
3
0.000000E+000 0.000000E+000 0.000000E+000
