$SPEC_ID:
No sample description was entered.
$SPEC_REM:
DET# 1
DETDESC# PHYS480-PC1 MCB 129
AP# Maestro Version 6.08
$DATE_MEA:
10/29/2015 14:55:36
$MEAS_TIM:
306 306
$DATA:
0 2047
       0
       0
       0
       0
       1
       4
    1364
    1960
     285
     327
     341
     234
     148
     113
     103
     121
     123
     114
     124
     144
     124
     135
     146
     182
     186
     184
     126
     103
      65
      76
      72
      73
      83
      95
      86
      74
      75
     106
     100
      93
      77
     102
      90
     104
     115
      87
     110
      96
      98
      95
     112
     114
     112
     124
     109
     127
     113
     110
     109
     125
     109
     101
     105
     106
     113
     114
     119
     112
     116
     110
     125
     110
     131
     118
     106
     112
     115
     109
     126
     128
     114
     108
     113
     108
     100
     108
     106
     111
     114
     110
     109
     104
     113
     105
      97
     125
     113
     117
      90
     107
     116
      91
      98
     104
     114
     111
     116
     114
      94
     109
      99
      97
     109
     104
      95
     112
     117
     106
     110
      99
      93
      98
      96
      98
      80
     125
     112
     113
      83
      95
      99
      91
     121
      82
      92
      82
      83
      91
      89
      78
      82
      77
      70
      64
      87
      72
      65
      76
      63
      78
      85
      80
      78
      60
      75
      67
      74
      67
      72
      70
      76
      72
      64
      77
      59
      64
      56
      62
      63
      67
      61
      68
      59
      71
      64
      61
      54
      56
      66
      64
      81
      46
      56
      60
      57
      56
      70
      47
      50
      47
      48
      53
      40
      69
      52
      60
      56
      50
      58
      44
      44
      36
      40
      40
      32
      34
      35
      38
      42
      43
      28
      35
      30
      43
      26
      24
      25
      31
      37
      14
      30
      30
      13
      30
      29
      19
      23
      26
      23
      18
      17
      21
      17
      21
      22
      13
      12
      23
      19
      13
      16
      15
      13
      15
      24
      10
      18
      18
      13
      12
      14
      15
      18
      20
      22
      19
      13
      13
      17
      14
      11
      16
       7
      13
      23
      21
      21
      16
      15
      16
      23
      21
      25
      20
      22
      25
      34
      30
      20
      40
      34
      21
      37
      36
      56
      44
      54
      69
      51
      69
      72
      74
      68
      88
      70
      78
      84
     100
      98
     135
     109
     116
     119
     139
     138
     138
     152
     141
     140
     127
     146
     131
     138
     145
     152
     134
     124
     145
     123
     124
      99
      97
     101
      86
     104
      79
      68
      81
      70
      60
      57
      61
      43
      33
      39
      34
      32
      23
      30
      28
      21
      21
      19
      13
       9
       8
      14
      11
       6
      10
      12
      12
      11
       5
      15
      12
       9
      12
       3
       5
      10
       8
       6
       5
      10
       8
       9
      10
       9
       9
       8
       9
      10
      11
      10
      10
       5
       8
      11
       2
       6
       5
       9
      10
       9
       6
      11
       7
       5
       7
       5
       6
      12
       6
       7
       7
      12
      12
       7
       4
      11
       9
       5
       9
       7
       8
       7
       8
       9
       4
       7
      10
       5
       8
       7
       9
      11
       8
       8
       4
       5
       8
       9
      11
       6
      10
       6
       4
       9
       7
      12
       4
      10
      11
       5
       7
       6
       7
       5
       5
       8
       9
      12
       9
       7
       3
      11
      15
       7
       5
       5
       8
      18
      15
       6
       6
       8
       5
       5
      12
       4
       7
       5
       2
      12
       5
       6
       8
       8
       3
       6
      10
       6
       8
       8
       8
       7
       9
      10
       6
      12
       7
       8
       9
       7
       8
       6
       8
       7
       8
       5
       5
       7
       8
       8
       7
      10
       8
       6
       6
       9
      10
      14
       8
       7
      11
       7
       9
       6
      11
       3
      10
       5
      12
      11
       8
       5
       7
       6
       6
       9
       7
       4
       9
       4
       5
      11
      10
       4
       5
       7
      10
       8
       8
       4
       1
      11
       7
       9
       9
       3
       8
       9
       8
       5
       7
       6
       7
       8
       2
       7
       9
      11
       6
      10
      11
       8
      14
       3
      10
       9
       8
      10
      11
      10
      10
       9
       8
       6
       4
      10
       9
      12
       6
      10
       2
      11
       7
       7
       8
       5
       9
       7
       9
       6
       6
      10
       4
       6
       2
       7
       6
      12
      13
       9
       6
       8
      11
       5
      11
      10
       4
       4
       7
       7
      11
       8
       9
       6
      12
       9
       8
       6
      10
       4
       9
      10
      11
       8
       7
       4
       6
       8
       9
       4
      12
       9
       6
       5
       5
       9
       3
       3
       6
      13
       8
       7
       3
       8
      10
       4
       4
       5
       4
       5
       5
       6
       4
       5
       5
       2
       3
       5
       4
       4
       5
       8
       4
       2
       4
       6
       1
       2
       3
       2
       2
       1
       2
       4
       1
       1
       3
       3
       4
       4
       3
       4
       3
       2
       2
       5
       5
       4
       4
       4
       2
       2
       1
       2
       4
       2
       2
       2
       2
       3
       1
       5
       3
       5
       2
       3
       3
       2
       2
       3
       5
       1
       3
       0
       5
       3
       3
       3
       1
       1
       2
       3
       1
       1
       2
       5
       1
       6
       5
       2
       1
      11
       5
       4
       4
       1
       5
       4
       2
       2
       3
       6
       2
       7
       5
       5
       3
       6
       3
       1
       6
       2
       8
       7
       9
       5
       7
       7
       3
       6
       4
       5
       5
       6
       9
       9
      10
      11
      10
      13
       7
      14
      11
      14
       8
      10
       9
      14
       9
      10
       9
       7
       7
       9
       4
      12
      10
       7
       9
      15
       6
       7
       8
      14
      13
       6
      10
       8
       4
       9
      11
      10
      10
       8
       3
       8
      11
       4
       2
       4
      11
      10
       4
       8
       4
       2
       6
       5
       5
       2
       6
       5
       3
       2
       4
       5
       1
       0
       2
       2
       5
       1
       1
       1
       2
       2
       0
       1
       3
       1
       3
       3
       2
       0
       2
       0
       2
       0
       1
       4
       1
       3
       1
       0
       2
       2
       0
       0
       1
       0
       0
       0
       0
       0
       0
       2
       2
       0
       2
       3
       0
       0
       0
       1
       0
       1
       1
       1
       1
       0
       0
       0
       0
       2
       1
       0
       0
       0
       0
       0
       0
       1
       0
       3
       0
       0
       0
       1
       0
       1
       0
       0
       0
       2
       0
       0
       0
       1
       0
       2
       1
       1
       2
       1
       0
       2
       1
       0
       0
       0
       0
       0
       0
       0
       0
       0
       1
       0
       1
       1
       0
       0
       1
       1
       0
       0
       1
       0
       1
       0
       0
       0
       0
       0
       0
       0
       0
       0
       0
       0
       0
       0
       0
       0
       0
       1
       0
       0
       0
       0
       1
       0
       1
       1
       2
       0
       1
       1
       0
       0
       0
       0
       0
       0
       1
       0
       0
       1
       0
       1
       1
       0
       0
       0
       0
       0
       0
       0
       0
       0
       0
       0
       0
       0
       0
       0
       0
       1
       0
       0
       1
       2
       0
       0
       0
       1
       1
       0
       0
       0
       0
       0
       0
       0
       1
       0
       0
       0
       0
       0
       1
       0
       0
       1
       1
       0
       0
       0
       0
       0
       0
       0
       0
       0
       0
       0
       0
       0
       0
       0
       1
       0
       1
       0
       0
       0
       0
       0
       1
       0
       0
       0
       0
       0
       0
       0
       0
       1
       0
       0
       0
       0
       0
       0
       0
       1
       0
       1
       0
       0
       0
       0
       1
       1
       0
       0
       0
       0
       1
       0
       0
       0
       0
       0
       0
       0
       0
       0
       0
       0
       0
       0
       0
       0
       1
       0
       1
       0
       1
       0
       0
       0
       0
       0
       0
       0
       0
       1
       0
       0
       0
       0
       0
       0
       1
       0
       2
       0
       0
       0
       0
       0
       0
       0
       0
       0
       0
       0
       0
       0
       1
       0
       0
       1
       1
       0
       1
       0
       0
       1
       0
       0
       0
       0
       0
       0
       0
       0
       0
       1
       0
       0
       0
       0
       0
       1
       0
       0
       0
       0
       1
       0
       0
       0
       0
       1
       0
       1
       0
       1
       0
       0
       0
       0
       0
       0
       0
       0
       0
       1
       0
       0
       0
       1
       0
       1
       0
       0
       0
       0
       0
       0
       0
       1
       0
       0
       0
       0
       0
       0
       1
       0
       0
       0
       0
       1
       0
       0
       1
       0
       0
       0
       0
       0
       0
       0
       0
       1
       0
       0
       0
       0
       0
       0
       0
       0
       0
       0
       0
       0
       0
       0
       0
       0
       0
       0
       0
       0
       0
       0
       0
       0
       0
       0
       0
       0
       0
       0
       0
       0
       0
       0
       0
       0
       0
       0
       0
       0
       0
       0
       0
       0
       0
       0
       0
       0
       0
       0
       0
       0
       0
       0
       0
       0
       0
       0
       0
       0
       0
       0
       0
       0
       0
       0
       0
       0
       0
       0
       0
       0
       0
       0
       0
       0
       0
       0
       0
       0
       0
       0
       0
       0
       0
       0
       0
       0
       0
       0
       0
       0
       0
       0
       0
       0
       0
       0
       0
       1
       0
       0
       0
       0
       1
       0
       0
       0
       0
       0
       0
       0
       0
       0
       0
       0
       0
       0
       1
       0
       0
       0
       0
       0
       0
       0
       0
       0
       0
       0
       0
       0
       0
       0
       0
       0
       0
       0
       0
       0
       0
       0
       0
       0
       0
       0
       0
       0
       0
       0
       0
       0
       0
       0
       0
       0
       0
       0
       0
       0
       0
       0
       0
       0
       0
       0
       0
       0
       0
       0
       0
       0
       0
       0
       0
       0
       0
       0
       0
       0
       0
       0
       0
       0
       0
       0
       0
       0
       0
       0
       0
       0
       0
       0
       0
       0
       0
       0
       0
       0
       0
       0
       0
       0
       0
       0
       0
       0
       0
       0
       0
       0
       0
       0
       1
       0
       0
       0
       0
       0
       0
       0
       0
       0
       0
       0
       0
       0
       0
       0
       0
       0
       0
       0
       0
       0
       0
       0
       0
       0
       0
       0
       0
       0
       0
       0
       0
       0
       0
       0
       0
       0
       0
       0
       0
       0
       0
       0
       0
       0
       0
       0
       0
       0
       0
       0
       0
       0
       1
       0
       0
       0
       0
       0
       0
       0
       0
       0
       0
       0
       0
       0
       0
       0
       0
       0
       0
       0
       0
       0
       0
       0
       0
       0
       0
       0
       0
       0
       0
       0
       0
       0
       0
       0
       0
       0
       0
       0
       0
       0
       0
       0
       0
       0
       0
       0
       0
       0
       0
       0
       0
       0
       0
       0
       0
       0
       0
       0
       0
       1
       0
       0
       0
       0
       0
       0
       0
       0
       0
       0
       0
       0
       0
       0
       0
       0
       0
       0
       0
       0
       0
       0
       0
       0
       0
       0
       0
       0
       0
       0
       0
       0
       0
       0
       0
       0
       0
       0
       0
       0
       0
       0
       0
       0
       0
       0
       0
       0
       0
       0
       0
       0
       0
       0
       0
       0
       0
       0
       0
       0
       0
       0
       0
       0
       0
       0
       0
       0
       0
       0
       0
       0
       0
       0
       1
       0
       0
       0
       0
       0
       0
       0
       0
       0
       0
       0
       0
       0
       0
       0
       0
       0
       0
       0
       0
       0
       0
       0
       0
       0
       0
       0
       0
       0
       0
       0
       0
       0
       0
       0
       0
       0
       0
       0
       0
       0
       0
       0
       0
       0
       0
       0
       0
       0
       0
       0
       0
       0
       0
       0
       0
       0
       0
       0
       0
       0
       0
       0
       0
       0
       0
       0
       0
       0
       0
       0
       0
       0
       0
       0
       0
       0
       0
       0
       0
       0
       0
       0
       0
       0
       0
       0
       0
       0
       0
       0
       0
       0
       0
       0
       0
       0
       0
       0
       0
       0
       0
       0
       0
       0
       0
       0
       0
       0
       0
       0
       0
       0
       0
       0
       0
       0
       0
       0
       0
       0
       0
       0
       0
       0
       0
       0
       0
       0
       0
       0
       0
       0
       0
       0
       0
       0
       0
       0
       0
       0
       0
       0
       0
       0
       0
       0
       0
       0
       0
       0
       0
       0
       0
       0
       0
       0
       0
       0
       0
       0
       0
       0
       0
       0
       0
       0
       0
       0
       0
       0
       0
       0
       0
       0
       0
       0
       0
       0
       0
       0
       0
       0
       0
       0
       0
       0
       0
       0
       0
       0
       0
       0
       0
       0
       0
       0
       0
       0
       0
       0
       0
       0
       0
       0
       0
       0
       0
       0
       0
       0
       0
       0
       0
       0
       0
       0
       0
       0
       0
       0
       0
       0
       0
       0
       0
       0
       0
       0
       0
       0
       0
       0
       0
       0
       0
       0
       0
       0
       0
       0
       0
       0
       0
       0
       0
       0
       0
       0
       0
       0
       0
       0
       0
       0
       0
       0
       0
       0
       0
       0
       0
       0
       0
       0
       0
       0
       0
       0
       0
       0
       0
       0
       0
       0
       0
       0
       0
       0
       0
       0
       0
       0
       0
       0
       0
       0
       0
       0
       0
       0
       0
       0
       0
       0
       0
       0
       0
       0
       0
       0
       0
       0
       0
       0
       0
       0
       0
       0
       0
       0
       0
       0
       0
       0
       0
       0
       0
       0
       0
       0
       0
       0
       0
       0
       0
       0
       0
       0
       0
       0
       0
       0
       0
       0
       0
       0
       0
       0
       0
       0
       0
       0
       0
       0
       0
       0
       0
       0
       0
       0
       0
       0
       0
       0
       0
       0
       0
       0
       0
       0
       0
       0
       0
       0
       0
       0
       0
       0
       0
       0
       0
       0
       0
       0
       0
       0
       0
       0
       0
       0
       0
       0
       0
       0
       0
       0
       0
       0
       0
       0
       0
       0
       0
       0
       0
       0
       0
       0
       0
       0
       0
       0
       0
       0
       0
       0
       0
       0
       0
       0
       0
       0
       0
       0
       0
       0
       0
       0
       0
       0
       0
       0
       0
       0
       0
       0
       0
       0
       0
$ROI:
0
$PRESETS:
None
0
0
$ENER_FIT:
0.000000 0.759287
$MCA_CAL:
3
0.000000E+000 7.592868E-001 0.000000E+000 keV
$SHAPE_CAL:
3
0.000000E+000 0.000000E+000 0.000000E+000
