$SPEC_ID:
No sample description was entered.
$SPEC_REM:
DET# 1
DETDESC# PHYS480-PC1 MCB 129
AP# Maestro Version 6.08
$DATE_MEA:
11/05/2015 14:01:40
$MEAS_TIM:
179 180
$DATA:
0 2047
       0
       0
       0
       0
       0
       1
     176
     876
     321
     261
     276
     270
     295
     217
     197
     176
     169
     167
     157
     121
     125
     139
     153
     161
     161
     146
     147
     158
     159
     140
     178
     168
     166
     210
     232
     292
     355
     368
     422
     534
     615
     712
     752
     912
     981
    1039
    1079
    1118
    1078
    1087
     991
     936
     849
     718
     641
     541
     497
     437
     331
     313
     290
     244
     238
     238
     187
     206
     200
     187
     171
     175
     197
     193
     207
     207
     194
     210
     179
     201
     194
     200
     197
     191
     208
     193
     193
     196
     200
     219
     226
     228
     232
     187
     205
     239
     228
     226
     206
     220
     201
     223
     224
     207
     218
     220
     229
     248
     212
     253
     245
     218
     253
     212
     257
     228
     257
     230
     240
     260
     252
     247
     238
     258
     228
     245
     249
     256
     221
     266
     255
     247
     248
     232
     245
     255
     246
     262
     281
     282
     277
     250
     254
     253
     280
     253
     272
     254
     252
     265
     296
     277
     291
     302
     287
     271
     300
     258
     245
     280
     306
     296
     274
     284
     307
     299
     285
     282
     258
     299
     271
     312
     280
     276
     295
     267
     292
     292
     279
     292
     277
     286
     278
     306
     284
     316
     284
     277
     291
     279
     227
     300
     286
     303
     291
     291
     287
     271
     280
     283
     280
     291
     291
     321
     281
     288
     323
     293
     294
     314
     307
     288
     315
     323
     301
     336
     368
     310
     334
     332
     329
     326
     336
     354
     330
     392
     380
     373
     375
     428
     380
     400
     410
     399
     392
     460
     449
     435
     479
     444
     488
     443
     488
     478
     471
     481
     450
     493
     476
     465
     498
     482
     478
     469
     452
     418
     447
     442
     455
     444
     384
     453
     435
     422
     436
     389
     399
     349
     374
     362
     361
     358
     318
     327
     321
     316
     306
     316
     301
     283
     288
     266
     283
     260
     271
     278
     270
     222
     234
     245
     247
     230
     224
     203
     230
     198
     230
     194
     204
     221
     200
     227
     176
     202
     192
     190
     177
     169
     179
     190
     186
     169
     191
     174
     159
     165
     170
     165
     165
     171
     160
     170
     155
     188
     148
     142
     159
     150
     166
     132
     135
     149
     151
     147
     158
     147
     157
     145
     149
     145
     151
     153
     142
     142
     125
     130
     139
     176
     146
     123
     124
     158
     144
     122
     146
     130
     152
     128
     129
     152
     105
     119
     146
     120
     119
     135
     138
     135
     151
     131
     132
     111
     122
     139
     147
     139
     121
     110
     130
     122
     111
     129
     130
     115
     146
     125
     130
     114
     129
     100
     133
     121
     116
     129
     127
     114
     120
     105
     114
     133
     120
     108
     119
     116
     126
     139
     106
     141
     142
     123
     107
     129
     123
     108
     119
     125
     120
     122
     120
     103
     121
     107
     120
     113
     134
     135
     125
     112
     129
     141
     125
     104
     111
     119
     125
     102
     114
     118
     113
     103
     128
     127
     138
     114
     123
     124
     100
     129
     100
     105
     121
     130
     111
     110
      99
     117
     115
     142
     125
     128
     117
     122
     112
     102
     112
     130
     127
     127
     111
     121
     109
     121
     131
     112
     124
     125
     115
     121
     129
     114
     121
     111
     117
     122
     133
     155
     134
     101
     130
     107
     122
     132
     115
     134
     128
     109
     128
     117
     130
     149
     124
     128
     123
     107
     101
     110
     135
     136
     146
     111
     112
     119
     124
     128
     103
     124
     106
     114
     136
     112
     108
     109
     123
     127
     124
     130
     127
     113
     106
     123
     104
     111
     128
     119
     129
     119
     127
      96
     104
     106
     109
     127
     115
     122
     129
     109
      99
      97
      86
     123
      98
      90
      88
     101
      93
      90
     105
      99
      85
      89
      91
      62
      73
      83
      84
      57
      61
      64
      76
      69
      65
      58
      46
      62
      70
      65
      65
      62
      57
      47
      64
      42
      69
      60
      52
      51
      41
      48
      50
      48
      48
      34
      42
      46
      46
      40
      39
      37
      31
      45
      33
      20
      35
      27
      22
      33
      32
      40
      34
      26
      37
      32
      33
      23
      25
      25
      24
      16
      17
      19
      20
      26
      16
      15
      22
      24
      24
      17
      15
      23
      17
      21
      16
      14
      13
      19
      19
      24
      18
      19
      17
      21
      22
      17
      15
      11
      19
      15
      16
      14
      15
      15
      15
      18
      16
      15
      16
      16
      13
      22
      19
       9
      12
      19
      15
      11
      18
      16
      15
      17
      21
      17
      19
      15
      21
      18
      19
      26
      18
      22
      19
      25
      28
      24
      20
      17
      25
      21
      34
      30
      25
      30
      45
      27
      35
      28
      24
      37
      36
      34
      31
      40
      51
      42
      42
      51
      50
      50
      49
      40
      52
      39
      63
      62
      61
      73
      73
      62
      65
      68
      70
      77
      63
      73
      77
      87
      87
     108
      82
      95
      97
      99
      99
     108
     109
     125
     100
     122
     114
     128
     119
     168
     135
     155
     134
     148
     173
     181
     146
     189
     155
     172
     193
     233
     196
     194
     209
     203
     228
     233
     231
     236
     246
     226
     266
     257
     224
     259
     241
     286
     271
     305
     299
     283
     273
     243
     282
     298
     276
     309
     312
     316
     299
     309
     324
     308
     294
     289
     305
     296
     330
     281
     280
     275
     286
     298
     277
     271
     295
     248
     279
     272
     249
     302
     247
     239
     241
     231
     205
     220
     206
     217
     220
     188
     198
     202
     207
     154
     159
     171
     160
     162
     144
     170
     134
     139
     117
     117
     117
     118
     129
     101
     119
     100
     101
      82
      77
      69
      77
      74
      65
      64
      63
      57
      72
      45
      40
      48
      47
      38
      26
      37
      32
      23
      31
      32
      32
      28
      24
      32
      18
      18
      10
      10
      10
      10
      13
      10
      10
       8
       4
      12
       5
       4
       5
       4
       4
       7
       5
       3
       3
       4
       3
       2
       2
       1
       3
       2
       1
       6
       1
       2
       3
       1
       4
       1
       1
       2
       1
       0
       2
       2
       3
       1
       2
       1
       4
       0
       1
       2
       3
       0
       1
       2
       0
       0
       0
       1
       0
       1
       0
       1
       0
       1
       0
       0
       0
       2
       1
       0
       0
       0
       0
       3
       2
       0
       2
       2
       2
       0
       0
       0
       0
       0
       0
       0
       1
       1
       2
       0
       3
       0
       0
       3
       0
       0
       1
       2
       4
       3
       2
       2
       0
       1
       2
       2
       0
       0
       1
       0
       1
       0
       0
       1
       1
       0
       0
       0
       1
       3
       1
       3
       0
       1
       0
       0
       2
       1
       0
       1
       0
       1
       2
       2
       0
       1
       0
       2
       1
       1
       1
       1
       1
       2
       0
       0
       0
       1
       1
       0
       3
       0
       1
       0
       1
       0
       1
       1
       3
       0
       1
       1
       1
       3
       0
       2
       1
       1
       1
       1
       0
       0
       1
       1
       1
       1
       0
       1
       1
       1
       1
       0
       0
       1
       3
       0
       1
       1
       0
       0
       1
       0
       0
       2
       0
       3
       3
       0
       0
       1
       1
       0
       0
       1
       1
       1
       0
       1
       0
       1
       1
       2
       1
       0
       0
       2
       6
       0
       2
       0
       0
       1
       0
       1
       0
       0
       0
       0
       0
       2
       1
       0
       1
       1
       0
       0
       3
       0
       0
       0
       2
       0
       1
       2
       1
       1
       0
       1
       0
       0
       0
       0
       0
       0
       0
       2
       0
       0
       0
       1
       1
       1
       0
       0
       0
       1
       1
       0
       1
       0
       2
       0
       0
       0
       0
       0
       0
       0
       0
       1
       3
       0
       2
       0
       0
       0
       2
       0
       2
       1
       0
       0
       0
       1
       1
       1
       0
       0
       0
       1
       1
       0
       0
       0
       0
       1
       1
       1
       1
       1
       0
       0
       0
       0
       0
       1
       0
       1
       0
       2
       0
       2
       1
       0
       1
       2
       1
       0
       2
       1
       0
       1
       0
       1
       2
       1
       0
       0
       1
       0
       0
       0
       2
       0
       1
       0
       1
       0
       1
       1
       0
       0
       0
       0
       1
       1
       1
       1
       1
       1
       1
       0
       1
       0
       0
       0
       0
       0
       0
       1
       0
       1
       0
       0
       0
       0
       0
       0
       0
       0
       0
       0
       0
       0
       0
       0
       1
       1
       0
       1
       0
       0
       1
       1
       1
       1
       0
       0
       0
       2
       0
       1
       1
       1
       0
       0
       0
       0
       0
       0
       1
       0
       0
       3
       0
       0
       0
       1
       0
       0
       0
       0
       0
       1
       0
       0
       1
       0
       0
       0
       0
       0
       0
       2
       0
       0
       1
       0
       1
       0
       0
       0
       1
       3
       1
       0
       0
       0
       0
       0
       1
       0
       1
       0
       0
       0
       0
       0
       1
       0
       1
       0
       3
       0
       1
       1
       1
       2
       1
       1
       3
       1
       1
       2
       1
       1
       0
       0
       1
       1
       0
       0
       1
       0
       2
       2
       2
       2
       1
       0
       0
       1
       0
       0
       1
       0
       1
       2
       1
       3
       1
       2
       1
       0
       1
       2
       1
       2
       1
       0
       0
       1
       1
       0
       2
       0
       3
       0
       0
       0
       1
       1
       1
       0
       0
       1
       0
       1
       0
       0
       0
       0
       1
       0
       1
       1
       1
       0
       0
       1
       2
       0
       1
       0
       0
       0
       0
       0
       0
       1
       1
       0
       0
       0
       0
       0
       0
       1
       2
       3
       1
       0
       0
       0
       0
       0
       0
       1
       0
       0
       0
       0
       0
       1
       2
       0
       1
       0
       0
       0
       2
       1
       1
       0
       0
       1
       0
       1
       0
       0
       0
       0
       0
       0
       0
       0
       1
       1
       0
       0
       0
       0
       1
       0
       0
       1
       1
       1
       0
       1
       0
       0
       0
       0
       0
       0
       0
       2
       0
       0
       0
       0
       0
       0
       0
       0
       0
       0
       0
       0
       1
       0
       0
       0
       0
       0
       0
       1
       0
       0
       1
       0
       0
       1
       0
       1
       0
       1
       0
       0
       0
       1
       0
       0
       0
       0
       0
       0
       0
       1
       0
       1
       0
       1
       0
       0
       2
       0
       1
       0
       2
       2
       0
       1
       1
       0
       0
       0
       0
       0
       0
       1
       1
       2
       1
       0
       1
       0
       1
       1
       1
       0
       1
       0
       0
       0
       0
       0
       0
       0
       1
       0
       2
       1
       1
       0
       0
       0
       0
       0
       0
       0
       1
       0
       0
       0
       0
       0
       1
       0
       0
       0
       1
       0
       0
       0
       0
       0
       0
       1
       0
       1
       0
       0
       0
       1
       0
       0
       0
       0
       0
       0
       1
       1
       0
       0
       0
       1
       0
       0
       0
       0
       0
       0
       1
       0
       0
       1
       1
       1
       0
       0
       0
       0
       0
       0
       0
       0
       0
       0
       0
       0
       0
       0
       1
       0
       0
       0
       0
       0
       0
       0
       0
       0
       0
       0
       0
       0
       0
       0
       0
       0
       0
       0
       0
       0
       1
       1
       0
       0
       0
       0
       0
       0
       0
       0
       0
       0
       0
       0
       0
       1
       0
       0
       0
       1
       0
       0
       0
       0
       0
       0
       0
       0
       0
       0
       1
       0
       2
       0
       0
       0
       0
       0
       0
       0
       0
       0
       0
       0
       0
       0
       0
       0
       0
       1
       0
       0
       0
       0
       0
       0
       0
       1
       1
       0
       0
       0
       0
       1
       0
       0
       0
       0
       0
       0
       0
       1
       0
       0
       0
       0
       0
       0
       0
       0
       0
       0
       0
       0
       0
       0
       0
       0
       0
       0
       0
       0
       0
       0
       0
       0
       0
       0
       0
       0
       0
       0
       0
       0
       0
       0
       0
       0
       0
       0
       0
       0
       0
       0
       0
       0
       0
       0
       0
       0
       0
       0
       0
       0
       0
       0
       0
       0
       0
       0
       0
       0
       0
       0
       0
       0
       0
       0
       0
       1
       0
       0
       0
       0
       0
       0
       0
       0
       0
       0
       0
       0
       0
       0
       0
       1
       0
       0
       0
       0
       0
       0
       0
       0
       0
       0
       0
       0
       0
       0
       0
       0
       0
       0
       0
       0
       0
       0
       0
       0
       0
       0
       0
       0
       0
       0
       0
       0
       0
       0
       0
       0
       0
       0
       0
       0
       0
       0
       0
       0
       0
       0
       0
       0
       0
       0
       0
       0
       0
       0
       0
       0
       0
       0
       0
       0
       1
       0
       0
       0
       0
       0
       0
       0
       0
       0
       0
       0
       0
       0
       0
       0
       0
       0
       0
       0
       0
       0
       0
       0
       0
       0
       0
       0
       0
       0
       0
       0
       0
       0
       0
       0
       0
       0
       0
       0
       0
       0
       0
       0
       0
       0
       0
       0
       0
       0
       0
       0
       0
       0
       0
       0
       0
       0
       0
       0
       0
       0
       0
       0
       0
       0
       0
       0
       0
       0
       0
       0
       0
       0
       0
       0
       0
       0
       0
       0
       0
       0
       0
       0
       0
       0
       0
       0
       0
       0
       0
       0
       0
       0
       0
       0
       0
       0
       0
       0
       0
       0
       0
       0
       0
       0
       0
       0
       0
       0
       0
       0
       0
       0
       0
       0
       0
       0
       0
       0
       0
       0
       0
       0
       0
       0
       0
       0
       0
       0
       0
       0
       0
       0
       0
       0
       0
       0
       0
       0
       0
       0
       0
       0
       0
       0
       0
       0
       0
       0
       0
       0
       0
       0
       0
       0
       0
       0
       0
       0
       0
       0
       0
       0
       0
       0
       0
       0
       0
       0
       0
       0
       0
       0
       0
       0
       0
       0
$ROI:
2
1231 1234
2040 2046
$PRESETS:
Real Time
180
0
$ENER_FIT:
0.000000 1.851449
$MCA_CAL:
3
0.000000E+000 1.851449E+000 0.000000E+000 keV
$SHAPE_CAL:
3
0.000000E+000 0.000000E+000 0.000000E+000
