$SPEC_ID:
No sample description was entered.
$SPEC_REM:
DET# 1
DETDESC# PHYS480-PC1 MCB 129
AP# Maestro Version 6.08
$DATE_MEA:
11/05/2015 14:05:57
$MEAS_TIM:
179 180
$DATA:
0 2047
       0
       0
       0
       0
       0
       1
     191
    1024
     347
     304
     341
     370
     465
     354
     179
     163
     166
     159
     141
     147
     157
     183
     142
     162
     178
     172
     173
     147
     154
     169
     161
     173
     173
     170
     175
     202
     197
     188
     209
     197
     243
     224
     223
     260
     237
     246
     236
     268
     225
     237
     251
     229
     235
     203
     235
     215
     188
     198
     191
     229
     221
     204
     188
     206
     200
     171
     199
     167
     196
     180
     222
     206
     206
     205
     215
     205
     211
     214
     202
     212
     201
     222
     225
     250
     232
     217
     231
     246
     235
     267
     260
     242
     245
     267
     231
     243
     287
     249
     243
     279
     269
     259
     296
     280
     276
     282
     291
     294
     296
     262
     296
     332
     291
     294
     296
     326
     301
     306
     290
     305
     287
     319
     295
     318
     304
     331
     309
     311
     309
     307
     321
     326
     303
     356
     293
     333
     332
     339
     315
     340
     351
     379
     358
     336
     368
     354
     329
     344
     317
     347
     331
     352
     402
     380
     374
     340
     377
     352
     363
     405
     356
     363
     355
     348
     362
     358
     378
     395
     359
     376
     372
     372
     337
     389
     358
     331
     355
     377
     359
     352
     333
     364
     322
     366
     394
     341
     339
     326
     349
     321
     346
     357
     344
     361
     349
     354
     349
     376
     336
     369
     354
     347
     336
     326
     332
     363
     354
     336
     354
     365
     357
     372
     353
     393
     351
     370
     350
     355
     371
     419
     401
     380
     376
     405
     385
     382
     455
     410
     440
     388
     471
     393
     418
     417
     431
     444
     505
     444
     478
     435
     483
     437
     452
     450
     430
     468
     433
     449
     430
     465
     471
     425
     460
     430
     482
     415
     433
     452
     409
     415
     381
     394
     383
     386
     391
     381
     340
     352
     405
     355
     328
     343
     340
     320
     294
     319
     318
     306
     293
     282
     293
     248
     259
     239
     239
     275
     232
     209
     228
     226
     240
     249
     226
     212
     175
     218
     219
     205
     210
     220
     196
     178
     187
     207
     187
     189
     188
     200
     187
     192
     165
     170
     164
     186
     182
     171
     157
     170
     192
     146
     199
     149
     164
     154
     168
     158
     169
     168
     161
     177
     150
     172
     182
     162
     136
     150
     145
     153
     160
     172
     165
     151
     176
     150
     144
     161
     144
     163
     155
     146
     155
     163
     155
     156
     151
     135
     138
     161
     152
     154
     134
     138
     170
     141
     158
     166
     142
     147
     141
     132
     167
     141
     147
     155
     156
     145
     171
     138
     130
     159
     144
     168
     149
     151
     141
     157
     141
     142
     156
     157
     139
     131
     151
     168
     152
     135
     127
     139
     123
     135
     170
     151
     142
     127
     155
     158
     160
     136
     126
     138
     136
     141
     135
     134
     143
     137
     146
     138
     137
     144
     157
     119
     123
     133
     134
     151
     116
     154
     144
     125
     130
     125
     128
     125
     135
     136
     111
     126
     134
     122
     127
     121
     137
     143
     122
     131
     131
     121
     137
     127
     118
     115
     122
     131
     112
     130
     127
     121
     127
     144
     145
     120
     122
     127
     110
     133
     126
     135
     133
     118
     121
     136
     129
     109
     107
     123
     108
     115
     120
     135
     123
     119
     121
     124
     137
     134
     147
     133
     125
     115
     124
     129
     114
     120
     141
     131
     102
     125
     119
     107
     137
     126
     118
     100
     137
     117
     131
     116
     125
     139
     143
     127
     128
     123
     130
     128
     125
     113
     115
     112
     135
     134
     115
     112
     102
     117
     115
     117
     108
     120
     120
     109
     128
     109
     107
     121
      96
     111
      98
     105
     109
      90
     126
     102
      96
     106
     109
     114
      96
     111
      96
      80
      99
      94
      79
      90
      82
      87
      97
      90
      71
      80
      87
      85
      82
      81
      74
      89
      73
      73
      67
      71
      63
      61
      66
      66
      65
      58
      65
      57
      66
      49
      56
      56
      52
      64
      76
      55
      57
      56
      58
      44
      64
      49
      45
      51
      46
      43
      53
      48
      52
      39
      50
      50
      41
      44
      37
      40
      49
      50
      31
      40
      36
      28
      29
      38
      29
      24
      45
      33
      33
      26
      31
      28
      33
      31
      19
      26
      36
      40
      25
      19
      33
      32
      31
      35
      24
      21
      34
      24
      28
      29
      21
      34
      30
      27
      29
      16
      26
      24
      29
      21
      25
      29
      22
      32
      29
      20
      31
      27
      25
      25
      29
      25
      27
      32
      27
      26
      23
      25
      29
      33
      22
      31
      21
      30
      16
      28
      22
      38
      32
      42
      24
      34
      28
      23
      26
      31
      41
      34
      28
      25
      32
      36
      43
      30
      40
      37
      34
      31
      48
      37
      37
      35
      40
      45
      52
      47
      48
      40
      61
      57
      48
      60
      57
      50
      72
      60
      54
      78
      62
      75
      72
      76
      72
      79
      78
      73
      99
      68
     102
      87
      89
      94
      88
     117
     107
      85
     104
     110
     104
     118
     128
     115
     120
     137
     150
     138
     122
     146
     150
     167
     142
     167
     156
     161
     152
     169
     173
     184
     174
     176
     175
     177
     200
     181
     183
     208
     205
     203
     225
     209
     241
     224
     216
     237
     250
     254
     248
     235
     232
     223
     222
     253
     229
     219
     239
     260
     257
     255
     253
     250
     221
     226
     231
     205
     218
     242
     222
     206
     244
     218
     186
     195
     180
     192
     193
     194
     173
     162
     201
     145
     155
     179
     151
     150
     144
     136
     107
     131
     132
     135
     144
     105
     112
     110
     121
     106
     113
      92
      94
      92
      85
      80
      74
      67
      76
      67
      76
      53
      59
      57
      51
      44
      30
      37
      33
      40
      37
      36
      33
      30
      20
      21
      14
      24
      15
      16
      23
      11
      11
      18
       9
       8
      13
       6
       8
       7
       6
       6
       7
       7
       2
      10
       5
       6
       4
       4
       4
       1
       6
       6
       2
       2
       4
       0
       5
       7
       3
       3
       2
       1
       2
       0
       1
       3
       2
       1
       2
       1
       2
       1
       2
       0
       1
       1
       1
       1
       0
       0
       1
       1
       0
       2
       2
       0
       1
       2
       0
       1
       0
       2
       0
       0
       0
       1
       4
       1
       0
       3
       1
       2
       1
       3
       0
       0
       0
       0
       0
       1
       3
       2
       3
       1
       0
       0
       1
       1
       0
       1
       2
       0
       1
       1
       2
       1
       0
       2
       0
       0
       1
       2
       1
       1
       0
       1
       1
       2
       2
       1
       0
       2
       0
       0
       0
       1
       3
       3
       4
       2
       1
       1
       0
       1
       1
       0
       2
       0
       2
       0
       0
       1
       0
       0
       1
       4
       4
       2
       2
       0
       0
       0
       3
       0
       1
       0
       0
       2
       0
       1
       1
       2
       0
       3
       1
       0
       2
       0
       1
       1
       1
       2
       0
       0
       1
       0
       0
       4
       0
       1
       0
       0
       1
       0
       1
       0
       1
       2
       0
       1
       1
       1
       0
       0
       3
       0
       1
       1
       0
       0
       0
       1
       0
       2
       0
       0
       0
       0
       1
       1
       1
       0
       0
       2
       0
       1
       0
       2
       3
       1
       0
       0
       1
       0
       2
       0
       1
       0
       1
       1
       0
       0
       0
       0
       0
       1
       0
       0
       0
       1
       0
       1
       1
       1
       1
       0
       2
       0
       1
       1
       0
       0
       0
       0
       2
       1
       1
       0
       0
       0
       1
       1
       0
       0
       2
       0
       0
       1
       2
       1
       1
       1
       1
       1
       1
       1
       0
       0
       0
       1
       0
       0
       0
       0
       0
       0
       1
       2
       0
       2
       0
       1
       0
       0
       0
       0
       1
       1
       0
       0
       1
       0
       1
       1
       0
       1
       1
       0
       0
       0
       1
       1
       0
       0
       0
       0
       1
       1
       0
       0
       2
       1
       3
       1
       1
       0
       1
       0
       1
       2
       0
       1
       1
       1
       1
       1
       2
       2
       1
       1
       0
       0
       0
       0
       1
       1
       0
       1
       0
       0
       0
       2
       0
       0
       2
       0
       1
       0
       2
       1
       0
       1
       2
       0
       2
       0
       0
       0
       1
       1
       0
       1
       0
       2
       1
       0
       1
       0
       0
       0
       0
       0
       0
       1
       1
       1
       1
       1
       1
       1
       0
       0
       0
       0
       0
       1
       0
       0
       0
       0
       1
       0
       0
       1
       0
       1
       1
       1
       1
       1
       1
       1
       0
       0
       0
       1
       0
       0
       0
       0
       0
       0
       0
       0
       1
       0
       1
       1
       0
       0
       0
       0
       0
       0
       1
       0
       1
       1
       0
       0
       2
       0
       0
       0
       2
       2
       0
       1
       0
       2
       0
       2
       0
       0
       1
       1
       1
       2
       0
       1
       1
       0
       0
       1
       1
       0
       0
       0
       0
       0
       2
       0
       3
       0
       0
       0
       0
       1
       2
       1
       1
       0
       0
       1
       0
       1
       1
       1
       0
       1
       0
       0
       0
       0
       2
       4
       0
       1
       1
       1
       0
       0
       0
       0
       0
       0
       0
       1
       0
       1
       0
       0
       0
       1
       0
       0
       0
       0
       0
       1
       0
       1
       0
       1
       0
       0
       1
       0
       0
       0
       0
       1
       1
       1
       0
       0
       3
       0
       1
       1
       2
       1
       2
       2
       0
       1
       1
       0
       2
       2
       0
       2
       1
       2
       0
       0
       0
       1
       1
       1
       1
       1
       0
       0
       0
       0
       0
       0
       2
       0
       0
       0
       0
       0
       2
       0
       1
       0
       0
       0
       1
       0
       0
       0
       0
       0
       0
       0
       0
       0
       0
       0
       0
       0
       0
       0
       0
       0
       0
       0
       0
       0
       1
       1
       0
       0
       0
       0
       0
       1
       1
       0
       0
       0
       0
       0
       0
       1
       0
       0
       0
       0
       1
       1
       0
       0
       0
       0
       0
       0
       0
       0
       1
       0
       0
       3
       0
       0
       0
       1
       0
       0
       1
       0
       1
       0
       1
       0
       1
       0
       0
       1
       1
       0
       1
       0
       2
       0
       0
       0
       0
       0
       1
       0
       0
       0
       1
       1
       0
       0
       0
       0
       0
       1
       0
       0
       1
       0
       1
       0
       1
       0
       1
       1
       1
       0
       1
       1
       0
       1
       0
       0
       1
       0
       0
       0
       0
       1
       1
       0
       1
       1
       0
       0
       0
       0
       0
       0
       0
       2
       0
       0
       1
       0
       0
       0
       2
       1
       0
       0
       0
       0
       1
       0
       0
       1
       3
       0
       0
       1
       0
       1
       0
       0
       1
       2
       0
       0
       0
       0
       0
       1
       0
       1
       0
       0
       0
       1
       0
       1
       0
       1
       0
       0
       0
       0
       0
       0
       0
       0
       0
       0
       0
       2
       0
       0
       0
       0
       0
       0
       0
       0
       0
       0
       0
       0
       0
       0
       0
       1
       1
       0
       0
       0
       0
       0
       0
       0
       0
       0
       0
       1
       0
       0
       1
       0
       0
       1
       0
       0
       0
       0
       0
       0
       0
       0
       0
       0
       0
       0
       0
       0
       0
       0
       0
       0
       0
       0
       0
       0
       0
       0
       0
       0
       0
       0
       0
       0
       0
       1
       0
       0
       0
       1
       0
       0
       0
       0
       1
       0
       0
       0
       0
       0
       0
       1
       1
       0
       0
       0
       0
       0
       0
       0
       0
       0
       0
       1
       0
       2
       0
       1
       0
       0
       0
       0
       1
       0
       0
       0
       0
       0
       0
       0
       0
       0
       0
       1
       0
       0
       0
       0
       1
       0
       0
       0
       0
       0
       0
       0
       0
       1
       0
       0
       0
       0
       0
       0
       0
       0
       1
       0
       1
       0
       0
       0
       0
       0
       0
       0
       0
       0
       0
       0
       0
       1
       0
       0
       0
       0
       0
       0
       0
       0
       0
       0
       0
       0
       0
       0
       0
       1
       0
       0
       0
       0
       0
       0
       0
       0
       0
       0
       0
       0
       0
       0
       1
       0
       0
       0
       0
       0
       0
       0
       0
       0
       0
       0
       0
       0
       1
       0
       0
       0
       0
       0
       0
       0
       0
       0
       0
       0
       0
       0
       0
       0
       0
       0
       0
       0
       0
       0
       1
       0
       0
       1
       0
       1
       0
       0
       0
       0
       0
       0
       0
       0
       0
       0
       0
       0
       0
       0
       0
       0
       0
       0
       0
       0
       0
       0
       0
       0
       0
       0
       0
       0
       0
       0
       0
       0
       0
       0
       0
       0
       0
       0
       0
       0
       0
       0
       0
       0
       0
       0
       0
       0
       0
       0
       0
       0
       0
       0
       0
       0
       0
       0
       0
       0
       0
       0
       0
       0
       0
       0
       0
       0
       0
       0
       0
       0
       0
       0
       0
       0
       0
       0
       0
       1
       0
       0
       0
       0
       0
       0
       0
       0
       0
       0
       0
       0
       0
       0
       0
       0
       0
       0
       0
       0
       0
       0
       0
       0
       0
       0
       0
       0
       0
       0
       0
       0
       0
       0
       0
       0
       0
       0
       0
       0
       0
       0
       0
       0
       0
       0
       0
       0
       0
       0
       0
       0
       0
       0
       0
       0
       0
       0
       0
       0
       0
       0
       0
       0
       0
       0
       0
       0
       0
       0
       0
       0
       0
       0
       0
       0
       0
       0
       0
       0
       0
       0
       0
       0
       0
       0
       0
       0
       0
       0
       0
       0
       0
       0
       0
       0
       0
       0
       0
       0
       0
       0
       0
       0
       0
       0
       0
       0
       0
       0
       0
       0
       0
       0
       0
       0
       0
       0
       0
       0
       0
       0
       0
       0
       0
       0
       0
       0
       0
       0
$ROI:
2
1231 1234
2040 2046
$PRESETS:
Real Time
180
0
$ENER_FIT:
0.000000 1.851449
$MCA_CAL:
3
0.000000E+000 1.851449E+000 0.000000E+000 keV
$SHAPE_CAL:
3
0.000000E+000 0.000000E+000 0.000000E+000
