$SPEC_ID:
No sample description was entered.
$SPEC_REM:
DET# 1
DETDESC# PHYS480-PC1 MCB 129
AP# Maestro Version 6.08
$DATE_MEA:
10/29/2015 13:12:43
$MEAS_TIM:
1016 1017
$DATA:
0 2047
       0
       0
       0
       0
       0
       0
    7166
   13702
    4068
    1908
     988
     465
     259
     194
     129
     112
      92
      93
      89
      87
      72
      90
      74
      85
      81
      94
      89
      90
      79
      74
      91
      75
      74
      93
     105
      77
      79
      88
     104
     101
      86
     106
      91
     104
     107
      90
     103
     104
      86
      87
     123
     112
     121
     108
     112
      97
     108
      92
     120
     102
      99
     109
      94
     101
      97
     115
     114
     110
     112
      99
     101
      91
     103
     105
      94
     131
     108
     106
     110
     102
     107
     101
     114
      95
      91
     119
     115
     113
     121
     108
     118
     110
     149
     144
     119
     117
     134
     122
     129
     132
     139
     130
     130
     132
     130
     141
     156
     148
     136
     147
     134
     157
     143
     142
     133
     165
     157
     125
     167
     150
     165
     151
     132
     164
     149
     153
     149
     174
     177
     152
     155
     147
     151
     164
     168
     153
     175
     172
     142
     161
     166
     151
     174
     182
     153
     168
     164
     144
     175
     172
     168
     164
     162
     157
     156
     188
     158
     155
     142
     172
     137
     154
     152
     184
     169
     164
     179
     156
     134
     156
     136
     144
     167
     167
     154
     156
     162
     158
     146
     151
     148
     133
     165
     127
     141
     145
     137
     156
     151
     135
     174
     143
     144
     152
     148
     146
     137
     151
     156
     157
     131
     148
     152
     143
     148
     179
     160
     162
     148
     162
     159
     159
     126
     168
     146
     166
     156
     148
     181
     159
     147
     131
     156
     149
     156
     174
     140
     154
     153
     123
     158
     131
     150
     158
     167
     157
     148
     162
     125
     161
     127
     118
     127
     164
     144
     153
     141
     149
     130
     125
     149
     136
     149
     149
     139
     143
     135
     151
     138
     138
     143
     141
     159
     137
     122
     117
     137
     131
     145
     146
     163
     124
     127
     126
     152
     138
     140
     135
     116
     161
     136
     126
     116
     139
     122
     120
     124
     136
     129
     124
     139
     132
     147
     111
     140
     135
     132
     134
     126
     136
     131
     116
     148
     128
     130
     115
     144
      99
     134
     123
     128
     130
     104
     134
     124
     111
     121
     147
     126
     114
     121
     122
     132
     118
     122
     102
     148
     107
     107
     136
     106
     126
     116
     110
      90
     100
     124
     119
     116
     120
     107
     105
     120
     116
     109
     117
     119
     120
     110
     120
     102
     130
     120
     104
      98
     126
     105
     122
     112
     103
     109
     103
     110
     108
     112
     100
      99
      90
      92
      98
      99
      92
     105
     105
     111
      84
     111
      96
      99
      82
      83
      95
      99
      86
      99
     112
      97
      94
      98
      98
      86
     107
      75
      89
      88
      89
      84
      92
     100
      94
      91
      75
     109
      88
      86
      77
      68
      70
      85
      77
      86
      81
      99
      68
      77
      63
      85
      77
      82
      76
      78
      86
      93
      62
      90
      91
      75
      85
      67
      90
      85
      74
      79
      95
      68
      58
      74
      64
      65
      65
      78
      64
      66
      68
      59
      74
      63
      67
      62
      78
      71
      79
      66
      69
      78
      73
      69
      56
      72
      63
      75
      73
      73
      54
      55
      55
      57
      60
      65
      55
      57
      60
      58
      49
      49
      61
      52
      58
      54
      49
      51
      53
      49
      61
      43
      45
      58
      55
      55
      51
      61
      41
      56
      53
      42
      53
      38
      59
      47
      51
      53
      54
      54
      48
      41
      52
      45
      40
      44
      60
      45
      49
      50
      46
      49
      55
      40
      48
      41
      49
      42
      55
      42
      47
      36
      54
      52
      64
      44
      46
      38
      40
      54
      42
      49
      36
      39
      56
      56
      45
      52
      49
      48
      53
      52
      42
      44
      49
      45
      47
      47
      46
      46
      45
      57
      53
      63
      57
      62
      63
      62
      49
      76
      64
      58
      65
      84
      85
      64
      68
      54
      57
      66
      61
      52
      71
      75
      80
      72
      84
      70
      86
      79
      84
      89
      70
      72
      68
      84
      79
      82
      95
      79
      74
      89
      82
      99
      86
      87
      89
      87
     102
      91
     102
      85
     107
      80
      80
      94
      85
      98
      87
      92
      80
     104
     116
      85
      83
      84
      92
      98
      89
      87
      77
      92
     103
      92
      83
      89
      78
      94
      94
      86
      83
      90
      70
      70
      86
      74
      84
      82
      89
      74
      84
      74
      91
      66
      70
      71
      64
      92
      72
      73
      77
      68
      76
      66
      78
      74
      70
      74
      68
      75
      73
      85
      78
      72
      64
      70
      70
      70
      65
      74
      64
      69
      53
      64
      68
      66
      65
      58
      63
      61
      52
      67
      74
      69
      80
      77
      72
      72
      52
      55
      74
      59
      78
      53
      59
      60
      66
      60
      71
      68
      67
      62
      53
      65
      57
      73
      52
      57
      66
      53
      46
      47
      64
      69
      55
      58
      41
      61
      49
      59
      66
      58
      57
      63
      56
      56
      68
      66
      56
      58
      57
      66
      54
      61
      57
      52
      62
      44
      43
      45
      63
      59
      49
      48
      62
      60
      43
      42
      73
      57
      48
      60
      57
      52
      57
      61
      42
      45
      51
      54
      51
      57
      55
      54
      51
      50
      62
      43
      46
      44
      47
      55
      52
      51
      58
      58
      64
      57
      42
      58
      55
      57
      52
      51
      56
      36
      42
      55
      52
      56
      48
      44
      35
      45
      61
      50
      60
      54
      56
      50
      54
      55
      53
      56
      51
      58
      47
      50
      39
      36
      47
      47
      62
      50
      55
      59
      44
      39
      55
      49
      45
      56
      39
      51
      40
      37
      55
      43
      40
      37
      53
      47
      33
      44
      51
      41
      47
      46
      41
      52
      53
      46
      52
      28
      43
      35
      36
      45
      42
      33
      51
      43
      36
      28
      35
      54
      47
      34
      45
      34
      39
      36
      41
      36
      35
      44
      35
      29
      41
      48
      41
      26
      40
      46
      43
      37
      40
      46
      33
      38
      38
      34
      39
      45
      45
      34
      28
      38
      39
      35
      24
      33
      35
      48
      48
      42
      38
      46
      31
      28
      38
      35
      34
      28
      37
      32
      38
      36
      30
      39
      31
      30
      42
      31
      47
      32
      34
      35
      37
      24
      35
      29
      39
      33
      26
      21
      32
      33
      25
      19
      24
      28
      26
      28
      22
      26
      22
      31
      23
      31
      23
      33
      33
      25
      29
      38
      17
      28
      24
      15
      26
      30
      21
      20
      25
      33
      26
      30
      26
      24
      15
      21
      18
      26
      24
      28
      25
      25
      20
      22
      27
      28
      20
      26
      21
      14
      27
      10
      20
      17
      23
      37
      23
      14
      27
      22
      22
      25
      23
      20
      23
      16
      29
      13
      14
      26
      17
      15
      21
      24
      23
      17
      22
      16
      20
      17
      11
      25
      19
      20
      15
      15
       8
      12
      13
      11
      17
      13
      13
      21
      13
      17
      17
      19
      21
       9
      16
      13
      22
      13
      16
      11
      10
      15
      16
      12
       8
      22
      21
       6
      12
      19
      19
      16
      21
      11
      20
      12
      12
      15
      12
      11
      19
      11
      15
      19
      12
      10
      12
      18
      14
       9
      16
      17
      13
       8
      14
       9
      12
      10
      13
       9
      13
      17
      15
      11
      11
      12
      15
      13
      12
      18
      12
      16
      16
      12
      10
      12
       9
       6
      10
       9
      15
      14
      11
       8
      11
      21
       6
       8
      11
       7
      11
      11
      11
      14
      13
      15
      18
      12
       9
       5
      14
      14
      15
      12
      16
      17
      13
      12
       3
       9
      16
      11
       8
      17
      13
      13
      16
      14
      10
      10
       9
       9
      12
      19
      10
      23
      14
       9
       8
      10
      11
      16
      19
      10
      16
      14
       9
      16
      11
       9
      10
      10
      15
      12
      11
      16
      16
      10
      10
      11
      10
      17
      21
      18
      12
      11
      19
       7
      10
      12
       9
      13
      24
       9
      12
      10
      16
      13
       5
      13
      11
      13
       9
       8
      11
      13
      10
       9
      11
       8
      14
      15
       9
       7
      15
      16
       9
      12
       9
       6
      13
       8
      13
       3
      12
      12
       8
      17
      17
      11
       8
      16
      10
      13
       8
       6
       8
      14
       5
      14
      16
      17
      10
      11
       8
      13
      12
      17
       8
       9
      15
      14
      12
       7
       9
       8
       7
       6
      16
       7
      12
       7
      11
      13
      12
       9
      15
      13
       7
       7
      15
      12
      12
       6
      18
      12
       6
       9
      11
      12
      10
       8
       7
      13
       7
      15
       9
       8
      11
       8
       7
      13
      10
       9
       7
      12
       8
      16
       8
      12
      15
      10
       9
      13
       8
      10
       7
      15
      11
       5
       5
      14
      12
       2
       8
       6
      13
       9
      12
       6
       8
      12
       6
       5
       6
      10
      11
      10
       8
       9
      10
       7
      11
       5
      10
       4
       5
       9
       6
       8
       4
       7
      14
       8
       7
       3
      10
      10
       8
       9
       5
       6
       4
      15
      12
       9
       9
       7
       9
       8
      13
      13
       8
       7
       7
       8
      10
       7
      16
       9
      10
      11
       4
       9
       8
       6
       6
      10
      14
       7
       7
       5
       9
       8
       6
      10
       9
      13
       8
       8
      11
       9
      11
      10
      12
       7
       6
      10
       7
       5
       5
       6
      12
       6
      11
       7
       6
      12
      15
      10
      10
       4
      10
      15
       6
       2
      10
      10
       5
       6
      12
      10
      12
      10
      11
      13
      14
      12
       6
      13
      13
      15
      17
       7
      10
       8
       8
      12
      10
      11
       9
       6
      10
      13
      12
       7
      13
      10
      10
       9
      10
      11
      10
      13
       7
      13
       9
      15
      13
       5
      18
      14
      10
       9
       9
       4
       7
      12
      19
      12
      18
      14
      11
       7
       9
      11
       8
      13
       4
       6
       7
      14
       8
      15
       2
       5
      14
      21
      10
      13
      11
       7
       7
       9
       7
       6
      13
       6
       8
      13
      14
      12
       4
      12
      12
       7
       8
       7
      12
       9
       7
       5
      13
      12
      10
       8
       7
       3
      11
      10
      12
      10
       5
       6
       7
       7
       6
      13
       7
       8
      11
       8
       5
       9
       8
      13
       6
       8
       6
      10
      11
      10
       8
       7
       8
       8
       8
      13
      13
       7
       9
      10
       4
      11
      10
      13
       8
      11
       4
       5
      12
       6
       5
       7
       8
       8
      10
       6
      13
       8
       7
       3
       8
       6
      10
      15
       9
       5
       6
       6
       9
       7
       8
       5
       9
       7
      10
       7
      10
       6
       3
      10
       4
       8
       9
      11
       3
       9
      12
       8
       7
       7
      12
       8
       7
      12
       4
       6
       6
      12
       8
      16
       5
       6
       8
      11
       2
       8
       3
       9
       6
      11
       7
       8
      13
       7
      12
       8
       8
       6
       8
       8
       7
       6
      11
       6
       8
       9
       6
       8
       6
       8
       4
       7
      11
       6
       7
       4
       4
       7
       9
       5
       4
      10
       8
       6
       6
       6
       6
       6
       6
       5
       6
       5
       5
       8
       9
       4
       4
       8
       8
      12
       6
       7
       3
       4
       5
      10
       6
      10
       7
       9
       7
       9
      13
       6
       8
      10
       7
       5
       6
       5
       6
       7
       8
       6
       6
       4
       7
       2
       6
       6
       5
       4
       4
       5
       2
       6
       9
       5
       2
      10
       6
       9
       3
       3
       4
       3
       6
      11
       5
       5
       4
       4
      10
       7
       7
       3
       6
       4
       4
       7
       7
       7
       9
       5
       6
       3
       8
       4
       4
       4
       5
       5
       4
       5
       3
       6
       7
       5
       1
       5
       6
       5
       5
       0
       8
       1
       5
       1
       2
       2
       6
       5
       2
       6
       3
       8
       6
       5
       4
       5
       4
       5
       2
       6
       2
       7
       7
       2
       6
       2
       4
       9
       5
       5
       8
       2
       5
       6
       3
       4
       4
       2
       5
       2
       3
       4
       6
       3
       5
       7
       4
       4
       6
       2
       4
       4
       2
       7
       9
       2
       4
       2
       6
       4
       5
       3
       9
       6
       6
       4
       7
       7
       4
       2
       2
       3
       4
       7
       8
       4
       1
       5
       6
       2
       2
       4
       5
       4
       3
       3
       5
       4
       7
       2
       2
       5
       5
       3
       3
       3
       5
       7
       3
       0
       4
       7
       3
       3
       5
       1
       6
       3
       3
       3
       4
       3
       4
       4
       6
       7
       1
       9
       3
       3
       4
       3
       2
       3
       5
       2
       5
       3
       2
       3
       5
       2
       2
       4
       6
       8
       3
       4
       3
       3
       2
       4
       4
       4
       5
       3
       1
       7
       3
       2
       5
       7
       1
       1
       3
       4
       5
       5
       3
       3
       3
       6
       3
       3
       5
       5
       5
       0
       6
       3
       2
       7
       2
       3
       9
       4
       3
       0
       4
       4
       3
       7
       2
       4
       2
       8
       2
       4
       7
       1
       5
       4
       1
       3
       0
       0
       7
       2
       4
       2
       5
       3
       0
       0
       0
       0
       0
       0
       0
       0
       0
       0
       0
       0
       0
       0
       0
       0
       0
       0
       0
       0
       0
       0
       0
       0
       0
       0
       0
       0
       0
       0
       0
       0
       0
       0
       0
       0
       0
       0
       0
       0
       0
       0
       0
       0
       0
       0
       0
       0
       0
       0
       0
       0
       0
       0
       0
       0
       0
       0
       0
       0
       0
       0
       0
       0
       0
       0
       0
       0
       0
       0
       0
       0
       0
       0
       0
       0
       0
       0
       0
       0
       0
       0
       0
       0
       0
       0
       0
       0
       0
       0
       0
       0
       0
       0
       0
       0
       0
       0
       0
       0
       0
       0
       0
       0
       0
$ROI:
0
$PRESETS:
None
0
0
$ENER_FIT:
0.000000 0.759287
$MCA_CAL:
3
0.000000E+000 7.592868E-001 0.000000E+000 keV
$SHAPE_CAL:
3
0.000000E+000 0.000000E+000 0.000000E+000
