       0
       0
       0
       0
       0
       0
     320
    1530
     477
     353
     322
     306
     359
     372
     317
      97
      73
      76
      68
      71
      62
      80
      82
      69
      76
      64
      68
      69
      85
      67
      85
      69
      67
      68
      89
      81
      80
      96
      92
     108
     121
     124
     102
     129
     129
     147
     115
     124
     126
     122
     116
     117
     110
      91
      83
      90
      98
     101
     104
      98
      85
      89
      89
      93
      98
      76
      80
      85
      93
      75
      98
      84
     112
     106
      91
      86
      94
      90
      87
     131
      94
     102
      90
      97
     116
     105
     112
     108
     109
     129
     125
     118
     134
     116
     127
     139
     122
     114
     129
     141
     147
     141
     136
     157
     132
     153
     167
     141
     180
     145
     144
     149
     144
     137
     135
     152
     158
     135
     168
     132
     189
     180
     163
     158
     165
     167
     145
     147
     156
     144
     159
     159
     145
     190
     162
     145
     157
     184
     176
     171
     172
     179
     172
     174
     162
     177
     159
     150
     181
     192
     153
     164
     198
     176
     163
     192
     184
     179
     194
     196
     177
     194
     189
     197
     191
     187
     157
     178
     198
     165
     153
     173
     183
     156
     174
     197
     171
     168
     173
     184
     185
     187
     169
     196
     195
     172
     180
     171
     174
     158
     192
     161
     187
     162
     171
     188
     157
     149
     174
     156
     164
     146
     149
     155
     164
     168
     157
     154
     154
     164
     173
     167
     159
     150
     145
     141
     149
     157
     168
     152
     152
     173
     140
     145
     175
     172
     151
     147
     166
     137
     167
     149
     173
     134
     148
     149
     153
     143
     161
     159
     181
     153
     155
     156
     161
     135
     145
     143
     139
     142
     141
     156
     135
     139
     150
     151
     162
     129
     159
     149
     161
     165
     143
     158
     134
     156
     153
     146
     135
     168
     150
     167
     151
     171
     164
     185
     143
     150
     165
     148
     159
     149
     160
     166
     146
     162
     152
     153
     150
     154
     170
     138
     159
     158
     156
     154
     170
     126
     163
     149
     143
     136
     153
     127
     141
     128
     141
     140
     128
     123
     132
     154
     128
     122
     119
     107
     119
     126
      94
     105
     107
     101
     110
     132
      99
     107
      92
      86
     110
     111
     115
      95
      87
      84
      86
      88
      86
     103
      77
      86
      79
      88
      86
      83
      94
      76
      66
      74
      69
      76
      93
      73
      87
      73
      92
      84
      56
      71
      67
      73
      75
      78
      65
      48
      63
      69
      73
      58
      60
      72
      57
      76
      63
      69
      68
      61
      59
      56
      48
      69
      60
      63
      50
      62
      61
      77
      58
      69
      61
      48
      60
      61
      57
      66
      55
      60
      54
      61
      58
      58
      60
      44
      59
      63
      73
      62
      57
      61
      56
      50
      45
      52
      42
      64
      51
      60
      56
      51
      61
      51
      61
      41
      56
      57
      63
      54
      54
      61
      54
      52
      65
      57
      68
      57
      50
      42
      46
      48
      71
      47
      63
      56
      52
      42
      59
      41
      48
      42
      53
      54
      54
      48
      49
      47
      44
      64
      46
      47
      51
      58
      32
      54
      41
      40
      50
      50
      40
      43
      68
      63
      44
      37
      55
      49
      49
      43
      50
      46
      45
      52
      54
      56
      41
      34
      57
      56
      45
      52
      48
      31
      58
      55
      47
      55
      44
      48
      40
      37
      64
      58
      54
      44
      48
      55
      52
      39
      48
      41
      40
      45
      53
      44
      34
      40
      53
      53
      51
      60
      44
      46
      38
      51
      45
      55
      48
      43
      52
      53
      50
      50
      40
      50
      42
      37
      42
      33
      42
      46
      40
      48
      43
      39
      42
      44
      41
      42
      37
      48
      36
      34
      50
      40
      33
      47
      34
      28
      50
      38
      40
      45
      33
      35
      38
      35
      42
      36
      46
      36
      43
      38
      40
      38
      50
      21
      33
      36
      44
      40
      46
      41
      34
      42
      34
      34
      46
      43
      26
      27
      36
      44
      43
      30
      36
      32
      38
      37
      37
      32
      33
      31
      40
      32
      27
      42
      39
      38
      47
      25
      40
      37
      49
      26
      28
      45
      42
      36
      39
      38
      40
      39
      28
      37
      38
      30
      35
      41
      34
      43
      40
      30
      26
      35
      30
      31
      32
      27
      31
      36
      31
      32
      34
      39
      26
      21
      39
      34
      28
      29
      39
      46
      43
      34
      42
      32
      25
      35
      32
      32
      27
      23
      40
      22
      43
      48
      27
      32
      30
      26
      25
      28
      37
      36
      30
      37
      23
      48
      35
      27
      36
      35
      37
      23
      33
      31
      39
      37
      32
      38
      37
      25
      28
      24
      41
      25
      24
      25
      35
      35
      24
      26
      30
      36
      31
      27
      29
      27
      28
      28
      29
      32
      40
      35
      34
      29
      20
      26
      31
      31
      32
      28
      35
      42
      27
      32
      30
      27
      37
      31
      25
      29
      28
      35
      23
      24
      26
      30
      31
      27
      38
      34
      32
      36
      37
      39
      37
      27
      38
      30
      31
      34
      37
      31
      44
      25
      41
      46
      27
      33
      40
      36
      38
      26
      40
      35
      33
      46
      32
      29
      38
      30
      33
      44
      37
      34
      40
      41
      35
      34
      28
      41
      51
      35
      28
      42
      30
      38
      36
      41
      35
      49
      36
      37
      35
      42
      50
      35
      44
      44
      42
      50
      41
      47
      28
      42
      48
      50
      39
      45
      39
      40
      52
      43
      44
      43
      43
      41
      57
      47
      45
      45
      32
      38
      35
      54
      35
      45
      38
      33
      44
      51
      42
      37
      40
      37
      39
      45
      42
      30
      42
      37
      34
      31
      31
      24
      33
      29
      28
      29
      29
      34
      33
      32
      28
      33
      31
      35
      31
      32
      28
      27
      20
      35
      28
      38
      22
      31
      25
      30
      17
      21
      23
      32
      26
      31
      29
      35
      25
      26
      29
      25
      21
      26
      19
      25
      32
      23
      37
      28
      20
      31
      29
      32
      29
      23
      25
      27
      27
      33
      33
      25
      21
      22
      28
      27
      27
      24
      25
      22
      33
      31
      33
      21
      30
      19
      34
      23
      20
      27
      27
      31
      30
      32
      20
      30
      22
      39
      21
      26
      33
      20
      24
      22
      27
      24
      25
      32
      25
      30
      19
      32
      32
      27
      26
      25
      25
      24
      20
      22
      25
      21
      31
      27
      28
      29
      25
      33
      25
      34
      24
      29
      28
      25
      27
      25
      32
      33
      30
      23
      29
      29
      36
      25
      20
      21
      26
      26
      35
      18
      38
      37
      27
      28
      29
      25
      35
      31
      20
      32
      23
      29
      24
      18
      23
      28
      37
      38
      20
      35
      19
      30
      29
      23
      21
      21
      30
      23
      26
      32
      24
      26
      25
      30
      19
      21
      23
      17
      27
      34
      33
      36
      22
      31
      27
      21
      27
      24
      22
      23
      23
      21
      29
      17
      27
      22
      21
      24
      20
      25
      27
      26
      24
      29
      35
      30
      28
      23
      31
      32
      35
      26
      31
      20
      28
      25
      23
      29
      23
      17
      28
      27
      31
      23
      22
      37
      26
      29
      20
      31
      29
      21
      31
      18
      30
      28
      35
      26
      26
      34
      24
      26
      23
      32
      29
      25
      28
      22
      20
      29
      21
      21
      27
      28
      25
      20
      24
      26
      27
      19
      28
      31
      38
      26
      24
      25
      28
      19
      32
      34
      22
      25
      24
      21
      23
      29
      24
      24
      28
      21
      33
      21
      25
      21
      29
      25
      20
      23
      25
      21
      29
      28
      20
      23
      26
      26
      18
      21
      20
      25
      22
      25
      25
      15
      22
      17
      21
      19
      24
      18
      28
      25
      32
      23
      25
      28
      16
      19
      20
      13
      20
      23
      24
      17
      24
      33
      16
      19
      17
      32
      22
      20
      20
      24
      25
      19
      16
      21
      17
       9
      15
      19
      16
      14
      24
      11
      22
      21
      22
      20
      19
      16
      13
      12
      22
      20
      18
      18
      13
      28
      16
      10
      14
      15
      14
      18
      15
      16
      26
      15
      19
      16
      16
      14
      23
      14
      16
      18
      21
      12
      11
      14
      14
      11
      21
      23
      18
      18
      17
      28
      15
      15
      19
      25
      14
      15
      20
      13
      16
      16
      15
      25
      18
      12
      24
      18
      24
      21
      13
      23
      11
      12
      18
      19
      26
      16
      20
      14
      13
      11
      21
      18
      15
      16
       8
      23
      12
      22
      19
      26
      17
      20
      20
      14
      15
      23
      14
      18
      17
       8
      17
      16
      17
       9
      19
      20
      14
      10
      15
      16
       9
      15
      17
      15
       9
      12
      10
      14
      18
      26
      19
      20
      14
      20
      16
      12
      18
      16
      22
       6
      15
      19
      18
      14
      15
      11
      14
      17
      11
      12
      19
      12
       8
      20
      12
      15
      23
      15
      26
      10
      11
      19
      14
      15
      20
      14
      19
      15
      13
      14
      24
      12
      18
      20
      14
      18
      11
      21
      24
      22
      19
      20
      21
      13
      12
      19
      22
      16
      12
      12
      11
      13
      14
      15
      10
      15
      19
      15
      18
      22
      23
      21
      24
      24
      18
      15
      14
      23
      26
      14
      22
      31
      28
      27
      24
      12
      30
      24
      21
      17
      25
      33
      29
      24
      20
      29
      23
      18
      32
      17
      22
      24
      18
      20
      20
      19
      26
      15
      22
      18
      22
      20
      29
      18
      17
      18
      18
      11
      17
      15
      19
      22
      14
      24
      26
      20
      30
      18
      19
      26
      17
      17
      14
      29
      18
      21
      18
      18
      22
      18
      21
      12
      16
      20
      13
      12
       7
      15
      13
      13
      11
      15
      20
      18
       7
      10
      20
       9
      13
      14
      21
      19
      13
      13
      12
      10
      12
      10
      17
      11
       5
       9
       8
      12
      10
       9
       7
      12
       9
       7
      14
      10
       9
       7
      15
       5
       7
       7
       4
       4
      13
      11
       1
      11
       9
      10
       8
       5
      16
       8
       8
      16
       9
      11
       7
       4
      11
      11
       8
       9
       9
       9
       8
      12
       7
      10
       5
       9
      14
       4
       7
       7
       3
      10
      10
      11
       5
       8
       8
       9
       6
       9
      10
       8
       8
       9
      16
      10
      12
      15
       4
      14
       8
       6
      15
      10
      11
      10
      14
      16
      13
      13
      11
      12
       9
      12
       8
      10
       8
      19
      10
      13
      17
      11
      25
      13
      15
      11
      14
       9
      15
      17
      14
       7
      15
      23
      12
      17
      10
      10
      16
      12
      13
      15
      17
      19
      17
      15
      10
      11
      15
       8
      17
      26
      17
       6
      13
      12
      15
      22
       9
       8
      12
      11
      16
       6
      18
      17
      14
      12
      16
      15
      13
      11
      12
      14
      11
      16
       8
      16
      16
      13
       8
      11
       9
      14
      10
      13
      10
      11
      12
      10
      12
      14
      15
      10
       5
       6
      10
       9
      10
       8
       9
      12
       8
       8
       7
       7
      11
       3
      12
       4
       8
       4
       5
       8
       5
       5
       6
       7
       6
       6
       4
       3
       8
       5
       1
       5
       4
       3
       4
       2
       7
       7
       1
       2
       2
       5
       1
       3
       2
       4
       0
       3
       1
       2
       0
       2
       3
       1
       0
       2
       3
       0
       0
       0
       2
       4
       4
       3
       1
       1
       0
       0
       1
       1
       0
       2
       2
       2
       2
       1
       1
       5
       0
       0
       0
       3
       1
       1
       1
       0
       2
       0
       0
       0
       1
       1
       0
       0
       0
       2
       1
       0
       0
       0
       1
       1
       0
       0
       0
       0
       0
       0
       0
       0
       0
       0
       0
       0
       0
       0
       0
       0
       1
       1
       1
       0
       0
       0
       0
       1
       0
       0
       0
       0
       0
       0
       1
       0
       1
       1
       0
       0
       1
       0
       0
       0
       0
       0
       0
       0
       1
       0
       0
       1
       0
       0
       0
       0
       0
       0
       0
       0
       0
       0
       0
       0
       0
       1
       0
       0
       0
       2
       0
       0
       0
       1
       0
       0
       0
       0
       0
       0
       0
       0
       0
       0
       0
       0
       0
       0
       0
       1
       0
       1
       1
       0
       0
       0
       0
       0
       0
       1
       0
       0
       0
       0
       0
       1
       0
       0
       0
       0
       0
       0
       0
       0
       0
       0
       0
       0
       0
       0
       0
       0
       1
       0
       0
       0
       0
       0
       1
       0
       0
       0
       0
       0
       0
       0
       0
       0
       0
       0
       0
       0
       0
       0
       0
       0
       0
       1
       0
       0
       0
       0
       0
       0
       0
       1
       0
       0
       0
       0
       0
       0
       0
       0
       0
       0
       0
       0
       0
       0
       0
       0
       0
       0
       0
       0
       1
       0
       0
       0
       0
       0
       0
       0
       0
       0
       1
       0
       0
       0
       0
       0
       0
       0
       0
       0
       0
       0
       0
       0
       0
       0
       0
       0
       0
       0
       0
       0
       0
       0
       0
       0
       1
       0
       0
       0
       0
       0
       0
       0
       0
       0
       0
       0
       0
       0
       0
       0
       0
       0
       0
       0
       0
       0
       0
       0
       0
       0
       0
       0
       0
       0
       0
       0
       0
       0
       0
       0
       0
       0
       0
       0
       0
       0
       0
       0
       0
       0
       0
       0
       0
       0
       0
       0
       0
       0
       0
       0
       0
       0
       0
       0
       0
       0
       0
       0
       0
       0
       0
       0
       0
       0
       0
       0
       0
       0
       0
       0
       0
       0
       0
       0
       0
       0
       0
       0
       0
       0
       0
       0
       0
       0
       0
       0
       0
       0
       0
       0
       0
       0
       0
       0
       0
       0
       0
       0