       0
       0
       0
       0
       0
       0
     306
    1450
     452
     300
     258
     249
     268
     243
     148
      74
      55
      44
      62
      71
      61
      59
      46
      56
      64
      51
      66
      59
      60
      61
      77
      52
      53
      55
      82
      61
      80
      91
      88
     105
      98
     111
     108
     118
     109
     115
     118
     100
     109
     106
     112
     114
      93
      91
      91
      92
      66
      90
      83
      68
      74
      79
      80
      61
      73
      71
      95
      68
      66
      80
      63
      85
      98
      75
      88
      84
      86
      72
      94
      82
      82
      82
      85
      90
     103
      83
     106
      89
      80
     100
      97
      97
     111
      95
      99
      94
      95
     110
     109
     114
     102
     118
     115
     115
     113
     129
     122
     114
     127
     132
     157
     144
     153
     142
     123
     145
     124
     137
     140
     150
     136
     135
     143
     127
     152
     139
     132
     121
     147
     137
     121
     119
     120
     131
     123
     127
     115
     105
     131
     109
     130
     118
     127
     107
     121
     117
     133
     129
     113
     114
     125
     120
     101
     121
     129
     139
     129
     124
     122
     137
     121
     130
     132
     123
     127
     118
     106
      97
     123
     107
     134
     102
     119
     103
     116
     139
     123
     111
     124
      98
     128
     123
     105
     124
     119
     107
     126
     129
     112
     111
     122
     117
     127
      94
     123
     119
     107
     116
     114
     122
     100
     130
     121
     126
      98
     145
     126
      90
     102
     117
     109
     116
     109
     123
     109
     117
     121
     120
     119
     114
     132
     111
     106
     110
     105
     119
     118
     128
     113
     109
     125
     107
     100
     126
     123
     127
     100
     123
     119
     113
     120
     107
     127
      86
     117
     123
     110
     133
     113
     127
     116
     104
     118
     123
     112
     107
     112
     107
     113
     108
     116
     112
     107
     124
     133
     109
     141
     120
     103
     117
     123
     110
     109
     113
     133
     116
     100
     125
     116
     100
     119
     131
     122
     136
     110
     133
     123
     122
     119
     134
     144
     131
     115
     135
     116
     138
     121
     111
     110
     115
     119
     123
     111
     113
     111
     123
     110
      96
      95
     116
     107
     116
     105
      99
     113
     110
     103
      94
      96
      84
      86
      84
      98
      95
      98
     102
      78
      92
      94
      96
      92
      73
      80
      83
      93
      73
      68
      63
      75
      82
      54
      58
      70
      57
      73
      61
      69
      72
      68
      70
      60
      66
      59
      68
      65
      54
      69
      80
      67
      62
      57
      57
      61
      57
      72
      47
      62
      48
      49
      47
      65
      49
      59
      61
      52
      48
      40
      51
      54
      54
      51
      48
      47
      54
      42
      49
      53
      60
      59
      49
      50
      45
      50
      58
      49
      42
      65
      47
      59
      45
      60
      41
      42
      39
      45
      44
      63
      56
      59
      61
      48
      55
      48
      38
      63
      42
      48
      51
      52
      42
      52
      57
      39
      66
      50
      50
      49
      38
      58
      46
      46
      58
      48
      49
      46
      58
      32
      52
      40
      45
      53
      50
      47
      47
      41
      46
      40
      39
      43
      56
      32
      53
      44
      47
      53
      39
      47
      52
      49
      44
      53
      57
      43
      48
      44
      44
      45
      38
      46
      49
      37
      43
      48
      49
      52
      60
      32
      45
      61
      49
      45
      42
      48
      37
      37
      46
      42
      54
      44
      51
      36
      38
      37
      35
      39
      40
      34
      40
      49
      43
      46
      41
      52
      49
      37
      36
      41
      46
      47
      46
      37
      59
      42
      39
      36
      47
      48
      44
      45
      41
      44
      39
      47
      44
      32
      35
      44
      38
      45
      44
      47
      51
      45
      37
      40
      45
      28
      31
      42
      48
      34
      34
      35
      45
      38
      30
      39
      32
      53
      41
      29
      34
      41
      28
      39
      44
      36
      40
      31
      43
      27
      33
      40
      36
      36
      31
      34
      39
      38
      44
      38
      36
      48
      42
      41
      33
      30
      34
      33
      30
      38
      41
      37
      37
      35
      41
      31
      30
      42
      40
      43
      35
      38
      33
      39
      33
      33
      33
      32
      32
      29
      46
      44
      30
      36
      25
      23
      37
      29
      27
      35
      32
      48
      29
      40
      31
      31
      29
      38
      17
      40
      29
      38
      33
      36
      22
      32
      25
      28
      33
      34
      26
      23
      33
      37
      29
      23
      25
      31
      23
      35
      21
      30
      38
      34
      28
      26
      33
      26
      32
      20
      29
      34
      33
      29
      30
      24
      30
      19
      35
      33
      23
      30
      27
      31
      35
      36
      30
      29
      25
      26
      26
      29
      34
      38
      29
      25
      32
      33
      26
      38
      28
      28
      34
      28
      28
      27
      19
      22
      28
      39
      23
      29
      36
      19
      23
      37
      27
      33
      34
      20
      23
      33
      16
      25
      33
      30
      19
      31
      21
      20
      26
      36
      24
      31
      26
      31
      23
      25
      39
      25
      30
      30
      30
      32
      20
      22
      19
      25
      32
      32
      33
      31
      28
      29
      21
      37
      36
      24
      22
      30
      29
      27
      18
      21
      34
      42
      25
      28
      35
      35
      19
      21
      33
      35
      28
      29
      22
      36
      28
      32
      37
      29
      32
      38
      42
      31
      32
      36
      38
      24
      42
      36
      39
      40
      42
      32
      43
      33
      44
      37
      44
      38
      45
      43
      40
      39
      43
      44
      48
      51
      36
      48
      36
      33
      31
      31
      35
      45
      45
      37
      36
      32
      43
      48
      28
      51
      36
      38
      48
      33
      42
      36
      38
      37
      48
      41
      38
      45
      34
      39
      39
      39
      34
      42
      39
      30
      37
      42
      31
      33
      44
      36
      37
      27
      47
      33
      36
      44
      35
      30
      27
      33
      34
      35
      30
      30
      28
      26
      34
      38
      32
      31
      34
      20
      35
      27
      37
      28
      34
      35
      24
      33
      31
      22
      27
      37
      26
      27
      29
      22
      25
      25
      27
      21
      28
      23
      26
      32
      25
      32
      24
      22
      24
      27
      16
      23
      26
      21
      23
      34
      29
      18
      23
      15
      24
      24
      27
      28
      16
      23
      24
      22
      25
      20
      31
      22
      20
      30
      30
      19
      21
      22
      20
      35
      21
      29
      19
      31
      24
      28
      29
      23
      28
      25
      29
      23
      26
      27
      22
      23
      25
      23
      11
      21
      25
      24
      29
      24
      28
      21
      32
      27
      21
      19
      28
      15
      18
      32
      22
      26
      22
      30
      29
      27
      26
      19
      25
      27
      32
      28
      36
      18
      28
      21
      25
      13
      18
      25
      16
      25
      29
      24
      26
      22
      27
      19
      29
      23
      16
      32
      27
      20
      26
      18
      20
      26
      10
      28
      29
      23
      19
      28
      30
      28
      29
      29
      29
      31
      20
      21
      23
      19
      22
      28
      26
      17
      26
      31
      20
      16
      26
      23
      25
      21
      34
      25
      35
      16
      17
      26
      19
      33
      33
      22
      31
      31
      29
      25
      22
      23
      23
      26
      20
      23
      19
      29
      26
      22
      22
      31
      21
      30
      28
      24
      21
      24
      35
      19
      26
      28
      16
      21
      32
      29
      33
      25
      27
      28
      23
      27
      23
      33
      25
      31
      21
      24
      31
      26
      32
      32
      27
      23
      19
      25
      34
      34
      28
      21
      26
      25
      27
      22
      28
      29
      27
      23
      29
      30
      29
      26
      25
      23
      21
      20
      26
      21
      25
      22
      27
      26
      22
      22
      28
      24
      23
      25
      19
      18
      30
      21
      24
      32
      21
      33
      17
      19
      23
      19
      18
      16
      15
      27
      18
      22
      20
      25
      21
      28
      19
      23
      14
      22
      28
      24
      28
      21
      18
      17
      25
      22
      27
      20
      23
      17
      26
      23
      16
      26
      28
      25
      16
      26
      17
      19
      34
      21
      16
      23
      14
      16
      15
      22
      18
      22
      25
      11
      20
      19
      18
      27
      16
      30
      19
      16
      26
      21
      18
      13
      16
      23
      23
      22
      22
      13
      20
      18
      17
      14
      13
      21
      20
      16
      11
      21
      14
      18
       8
      18
      18
      24
      25
      21
       8
      15
      16
      23
      17
      21
      15
      13
      19
      16
      15
      13
      13
      16
       7
      11
      10
      17
      11
      17
      22
      22
      12
      18
      14
      15
      19
       9
      23
      18
      12
       9
      16
      13
      18
      13
      16
      11
      16
      12
      15
      19
      13
      18
      13
      23
      19
      17
      14
      16
      13
      14
      10
      17
      16
      20
      13
      12
      11
      13
      21
      15
      11
      13
      12
      23
      16
      11
      13
      19
      23
      15
      14
      18
      19
      17
      14
      23
      13
      14
       9
      14
      22
      11
      16
      14
      13
      17
       9
      13
      21
      14
      14
      18
      13
      12
      12
      15
      19
      13
      15
      21
      16
      19
      13
      15
      14
      10
      13
      22
      16
      20
       7
      23
      15
      16
      15
      15
      18
      13
       9
      18
      13
      10
      16
      12
      16
      15
       8
      15
      14
      15
      17
      15
      11
      11
      15
      14
      13
      10
      18
      18
      13
      20
      15
      13
      27
      13
      10
      16
      13
      26
      20
      14
      20
      18
      15
      16
      20
      10
      14
      16
      25
      27
      16
      23
      18
      15
      18
      23
      10
      13
      26
      20
      23
      26
      19
      20
      23
      18
      16
      13
      22
      21
      18
      21
      17
      17
      16
      17
      17
      22
      29
      22
      32
      24
      20
      24
      35
      16
      29
      27
      26
      19
      22
      14
      18
      17
      26
      22
      17
      19
      19
      20
      18
      15
      18
      26
      15
      20
      18
      14
      20
      21
      21
      27
      29
      24
      12
      14
      25
      27
      18
      18
      23
      20
      18
      17
      18
      23
      17
      14
      23
      11
      13
      21
       9
      20
      12
      20
      16
      11
       9
      13
      10
      18
       9
      11
      13
      14
      12
      14
      16
      16
      16
      10
      11
      15
       9
       8
      11
      10
      13
       6
       7
       9
      10
      11
      10
      13
       8
       6
       9
       6
      14
       7
      14
      10
       7
       6
       8
       9
       7
       8
       9
       9
       4
       6
      12
       6
      11
       1
       6
      14
       5
       5
       6
       8
       9
       9
       8
       6
       8
       5
       3
       5
       5
       6
       9
       5
       4
       7
       8
       4
      10
       5
      11
      11
       3
      15
       7
       8
       9
      16
       5
       6
       5
      11
      15
       7
      18
       9
      11
       9
       9
       5
       9
       9
       5
      11
      10
      11
      16
      17
      10
      13
      14
      18
      13
      14
      14
       9
       9
      10
      10
      12
       8
      14
      14
       8
      16
      14
      14
      15
      11
      11
      15
      12
       8
       7
      21
      15
      16
      17
      14
      20
      11
      13
      13
       8
      14
      17
      15
      14
      11
      11
      13
      10
      14
      15
      17
      17
      14
       8
      17
      16
      13
       9
      16
      12
      15
       9
       9
       8
      13
      10
       9
      13
      11
      14
       9
      15
      12
      17
       8
      11
      11
      10
      10
      11
      11
       9
      12
      13
      10
       7
      10
      17
      13
      12
       7
       6
      16
       7
       9
       4
      11
       7
       5
       7
       5
       4
       3
       7
       6
       9
       9
       7
       7
       6
       5
       9
       7
       2
       3
       6
       6
       7
       3
       7
       8
       5
       5
       4
       4
       0
       3
       2
       0
       5
       4
       2
       2
       6
       1
       3
       3
       2
       4
       1
       2
       1
       3
       0
       3
       5
       1
       0
       2
       1
       0
       1
       1
       0
       3
       3
       1
       1
       0
       1
       1
       1
       0
       0
       1
       0
       2
       0
       0
       0
       1
       0
       0
       0
       0
       1
       1
       0
       0
       0
       0
       0
       0
       0
       0
       0
       0
       0
       0
       1
       0
       0
       1
       1
       0
       1
       0
       0
       0
       0
       0
       0
       0
       0
       0
       0
       0
       0
       0
       0
       0
       0
       0
       0
       0
       0
       0
       0
       0
       0
       0
       0
       0
       0
       1
       0
       1
       0
       0
       0
       0
       0
       2
       0
       0
       0
       3
       0
       0
       0
       0
       0
       0
       1
       0
       0
       1
       0
       0
       0
       0
       0
       1
       0
       0
       1
       0
       0
       0
       0
       0
       0
       0
       0
       0
       0
       1
       0
       0
       0
       0
       0
       0
       0
       0
       0
       0
       0
       0
       1
       0
       0
       0
       0
       0
       0
       0
       0
       1
       0
       0
       0
       0
       0
       0
       0
       0
       1
       0
       1
       0
       0
       0
       0
       0
       0
       1
       0
       0
       0
       0
       0
       0
       0
       0
       0
       1
       0
       0
       0
       0
       3
       0
       0
       0
       0
       0
       0
       0
       0
       0
       0
       0
       0
       0
       0
       0
       0
       0
       0
       0
       0
       0
       0
       0
       0
       0
       0
       0
       0
       0
       0
       0
       0
       1
       0
       0
       0
       0
       0
       1
       0
       0
       0
       0
       0
       0
       0
       1
       0
       0
       0
       0
       0
       0
       0
       0
       0
       0
       0
       0
       0
       0
       0
       0
       0
       0
       0
       0
       0
       0
       0
       0
       0
       0
       0
       0
       0
       0
       0
       0
       0
       0
       0
       0
       0
       0
       0
       0
       0
       0
       0
       0
       0
       0
       0
       0
       0
       0
       0
       0
       0
       0
       0
       0
       0
       0
       0
       0
       0
       0
       0
       0
       0
       0
       0
       0
       0
       0
       0
       0
       0
       0
       0
       0
       0
       0
       0
       0
       0
       0
       0
       0
       0
       0
       0
       0
       0
       0
       0
       0
       0
       0
       0
       0
       0
       0
       0
       0
       0
       0
       0
       0
       0
       0
       0
       0
       0
       0
       0
       0
       0
       0
       0
       0
       0
       0
       0
       0
       0
       0
       0
       0
       0
       0