       0
       0
       0
       0
       0
       0
     282
    1365
     303
     206
     173
     155
     127
      98
      78
      79
      56
      70
      70
      70
      74
      63
      60
      68
      77
      72
      71
      67
      63
      71
      80
      89
      83
      92
      75
      89
      96
     102
     101
      90
      96
      97
     118
     133
     135
     136
     133
     133
     114
     116
     108
      95
     109
     107
      91
     100
      96
      74
      80
      92
      83
      94
     112
      84
      93
      98
      91
      87
      97
      99
     105
     107
      88
      85
      86
      94
      90
     104
     104
      97
     104
     115
     112
     108
     115
     132
     118
     108
     123
      97
     119
     101
     121
     120
     117
     110
     105
     136
     113
     137
     123
     130
     111
     134
     151
     140
     134
     135
     124
     141
     124
     141
     147
     132
     150
     150
     167
     135
     145
     145
     169
     167
     163
     157
     146
     153
     139
     129
     127
     158
     166
     155
     143
     138
     157
     155
     131
     135
     170
     165
     153
     159
     143
     161
     153
     136
     181
     178
     158
     159
     144
     164
     174
     151
     149
     169
     171
     158
     171
     151
     162
     155
     162
     173
     148
     165
     152
     172
     161
     158
     136
     180
     173
     144
     162
     158
     166
     183
     167
     181
     158
     149
     156
     148
     160
     155
     159
     144
     152
     148
     169
     166
     155
     160
     165
     175
     145
     161
     163
     144
     167
     160
     147
     145
     159
     132
     140
     138
     169
     135
     158
     140
     140
     153
     157
     152
     147
     149
     162
     132
     143
     154
     131
     130
     159
     159
     140
     176
     150
     150
     142
     142
     146
     121
     153
     125
     173
     144
     154
     135
     142
     141
     158
     141
     145
     135
     160
     159
     145
     150
     119
     146
     147
     133
     153
     158
     136
     148
     139
     140
     151
     154
     138
     157
     147
     164
     154
     138
     150
     153
     150
     171
     133
     157
     140
     182
     156
     146
     163
     173
     169
     157
     182
     167
     174
     166
     147
     170
     157
     170
     170
     159
     162
     157
     166
     150
     159
     150
     143
     160
     129
     169
     156
     148
     131
     133
     138
     139
     135
     125
     132
     142
     130
     124
     111
     125
     133
     101
     124
      98
     122
     127
     115
     114
      94
     116
      91
     106
      98
      92
     121
      94
      86
      94
      91
      87
     129
      70
      92
      94
      92
      83
      87
      98
      89
      90
      69
      86
      76
      77
      91
      95
      71
      79
      76
      67
      74
      57
      62
      66
      57
      68
      60
      76
      65
      76
      64
      69
      72
      67
      64
      79
      70
      75
      56
      80
      58
      58
      66
      73
      56
      63
      56
      55
      57
      60
      59
      52
      60
      50
      66
      59
      61
      51
      65
      57
      60
      50
      54
      60
      44
      52
      51
      56
      45
      54
      60
      65
      56
      71
      57
      53
      52
      68
      52
      61
      58
      52
      63
      45
      62
      51
      68
      43
      46
      54
      41
      55
      47
      53
      50
      53
      63
      61
      46
      39
      51
      44
      52
      49
      42
      47
      55
      54
      65
      45
      43
      60
      52
      51
      60
      37
      54
      52
      47
      54
      50
      57
      64
      58
      42
      45
      49
      45
      47
      45
      50
      32
      57
      47
      38
      48
      67
      45
      53
      47
      53
      47
      51
      62
      49
      41
      63
      44
      47
      44
      39
      47
      56
      45
      55
      50
      55
      57
      51
      41
      47
      52
      50
      41
      43
      65
      41
      55
      47
      52
      53
      46
      47
      41
      37
      51
      36
      45
      38
      40
      50
      43
      47
      42
      37
      40
      37
      52
      49
      57
      49
      42
      43
      36
      46
      51
      38
      50
      55
      58
      36
      41
      46
      43
      41
      42
      42
      42
      38
      39
      46
      47
      54
      45
      44
      40
      49
      38
      56
      36
      47
      50
      42
      43
      45
      45
      45
      34
      38
      30
      41
      45
      41
      31
      37
      43
      42
      42
      31
      51
      40
      39
      36
      36
      38
      42
      46
      46
      35
      38
      32
      41
      26
      38
      33
      34
      35
      37
      41
      31
      30
      41
      38
      34
      48
      36
      33
      33
      38
      30
      36
      41
      38
      36
      34
      30
      34
      38
      30
      42
      32
      37
      32
      40
      29
      32
      30
      30
      26
      37
      38
      33
      32
      37
      27
      31
      40
      32
      27
      30
      29
      33
      31
      32
      34
      36
      36
      23
      33
      35
      36
      33
      42
      31
      28
      33
      31
      23
      32
      40
      36
      35
      31
      40
      33
      34
      34
      20
      28
      33
      29
      39
      29
      34
      28
      35
      42
      25
      28
      40
      34
      28
      35
      33
      31
      26
      30
      26
      32
      34
      35
      32
      27
      25
      33
      34
      31
      21
      33
      29
      31
      21
      29
      33
      22
      34
      29
      37
      34
      30
      29
      27
      29
      33
      43
      34
      29
      33
      29
      40
      33
      25
      26
      47
      30
      22
      24
      30
      30
      27
      30
      29
      38
      34
      31
      27
      40
      26
      35
      42
      28
      36
      29
      35
      38
      35
      35
      44
      35
      36
      33
      30
      32
      23
      36
      34
      22
      34
      35
      34
      34
      33
      38
      37
      33
      44
      46
      28
      38
      44
      33
      39
      46
      41
      49
      43
      37
      49
      32
      39
      35
      35
      41
      44
      46
      42
      41
      42
      39
      45
      37
      33
      33
      43
      47
      31
      51
      43
      36
      43
      38
      46
      42
      46
      45
      46
      40
      40
      51
      46
      42
      45
      41
      52
      43
      36
      53
      46
      51
      38
      35
      43
      42
      32
      34
      43
      54
      37
      35
      49
      40
      38
      40
      44
      42
      38
      40
      40
      41
      37
      32
      46
      48
      36
      38
      36
      24
      35
      40
      34
      24
      27
      38
      32
      36
      36
      33
      34
      41
      28
      25
      39
      33
      33
      39
      30
      30
      32
      25
      25
      34
      32
      40
      31
      23
      18
      40
      36
      32
      22
      33
      24
      34
      30
      35
      25
      23
      27
      23
      20
      41
      23
      22
      48
      22
      28
      28
      35
      24
      35
      32
      42
      25
      28
      26
      34
      28
      19
      18
      36
      24
      28
      32
      28
      31
      35
      32
      27
      27
      37
      21
      31
      33
      29
      23
      26
      17
      24
      27
      35
      23
      25
      33
      27
      23
      35
      27
      24
      30
      23
      29
      32
      24
      34
      38
      37
      25
      18
      28
      19
      31
      33
      26
      26
      20
      33
      25
      24
      33
      17
      30
      32
      33
      21
      27
      29
      27
      23
      27
      30
      35
      28
      31
      24
      31
      21
      26
      27
      25
      39
      36
      29
      32
      37
      27
      36
      24
      25
      29
      29
      34
      23
      17
      27
      28
      35
      31
      26
      31
      32
      22
      31
      22
      29
      38
      23
      32
      28
      26
      30
      30
      32
      33
      41
      29
      28
      31
      25
      33
      29
      27
      33
      25
      31
      27
      42
      31
      25
      21
      15
      27
      26
      32
      25
      25
      35
      25
      35
      26
      27
      48
      24
      30
      28
      27
      33
      46
      31
      31
      36
      40
      23
      27
      39
      28
      35
      38
      26
      41
      39
      24
      33
      30
      33
      28
      31
      34
      33
      26
      23
      20
      24
      30
      33
      27
      38
      36
      29
      28
      25
      20
      37
      31
      28
      31
      28
      26
      28
      40
      26
      44
      35
      22
      35
      26
      30
      31
      22
      30
      25
      23
      37
      30
      28
      23
      24
      21
      28
      31
      27
      36
      32
      35
      32
      29
      28
      32
      26
      28
      30
      32
      30
      31
      20
      23
      23
      30
      31
      26
      24
      21
      22
      21
      28
      23
      25
      26
      26
      34
      26
      30
      31
      18
      18
      27
      27
      25
      24
      19
      19
      27
      23
      21
      25
      33
      23
      25
      19
      27
      31
      33
      29
      21
      22
      24
      24
      25
      29
      20
      17
      21
      28
      30
      18
      20
      16
      25
      20
      27
      16
      26
      18
      30
      25
      17
      21
      26
      22
      29
      18
      21
      25
      16
      21
      22
      17
      18
      13
      24
      21
      27
      19
      15
      28
      24
      23
      15
      17
      23
      12
      17
      15
      28
      17
      15
      21
      28
       8
      25
      35
      14
      20
      21
      16
      15
      17
      22
      18
      20
      15
      19
      23
      23
      14
       9
      25
      17
      20
      16
      18
      21
      19
      18
      19
      20
      12
       9
       9
      17
      24
      17
      12
      25
      19
      15
      19
      23
      26
      19
      19
      15
      10
      28
      22
      15
      26
      25
      12
      15
      17
      26
      26
      20
      19
      13
      27
      29
      17
      14
      10
      16
      18
      15
      15
      17
      17
      20
      24
      11
      22
      14
      18
      24
      23
      18
      21
      12
      23
       8
       7
      28
      17
      20
      24
      20
      15
      20
      22
      17
      19
      26
      19
      26
      16
      16
      15
      17
      20
      21
      17
      14
      11
      17
      14
      19
      29
      21
      20
      21
      12
      17
      14
      15
      26
      21
      24
      20
      20
      22
      13
      17
      24
      25
      27
      19
      19
      21
      28
      17
      17
      27
      18
      19
      22
      19
      24
      20
      24
      28
      17
      17
      15
      26
      15
      23
      20
      23
      20
      22
      24
      33
      30
      17
      27
      25
      22
      30
      19
      28
      30
      27
      21
      25
      32
      24
      15
      30
      26
      26
      27
      31
      23
      25
      26
      28
      36
      23
      28
      30
      26
      27
      17
      23
      21
      30
      28
      31
      22
      29
      24
      19
      18
      23
      20
      24
      26
      32
      26
      25
      31
      24
      19
      26
      27
      22
      28
      33
      20
      23
      22
      19
      24
      24
      20
      31
      25
      12
      13
      27
      26
      17
      32
      24
      17
      22
      16
      22
      18
      15
      17
      15
      16
      15
      16
      16
      16
       8
      11
      28
      13
      10
      14
       8
      11
      15
      17
      14
       7
       9
      11
      19
      10
      20
       8
      13
       4
      10
      14
      10
      12
      16
       9
      16
       9
      12
       6
      17
       6
      12
      10
      15
       9
       7
       4
      11
      11
      10
       9
       7
      12
       4
      12
      11
       5
      12
      11
       9
       6
      12
      11
       9
       6
      16
      15
      14
       8
      11
      13
       8
      11
      11
       8
      11
       6
       9
       9
       9
       9
       9
      10
       6
      17
      13
      13
      11
      20
       7
      12
      19
      10
       8
      11
      12
      12
      15
      14
      13
      12
      17
       9
      17
      16
      10
      14
      12
      17
      19
      14
      11
      16
      12
      12
      13
      15
      13
      18
      15
      15
      14
      11
      12
      18
      23
      18
      18
      18
      15
      17
      12
      17
      17
      21
      19
      22
      14
      19
      25
      15
      18
       8
      17
      13
      14
      18
      16
      28
      24
      13
      17
      19
      13
       6
      19
      15
      27
      20
      18
      13
      18
      23
      13
      18
      19
      21
      18
       9
      16
      19
      12
      17
      20
       7
      17
      13
      11
       7
      18
       9
      15
      10
      14
      16
       8
      12
      11
      10
      10
      15
      11
      11
      11
       7
       8
       9
      14
      13
       9
      12
       6
      13
       5
       7
       3
       8
      10
       5
       5
       2
       7
       4
       4
       4
       8
       6
       4
       5
       7
      11
       5
       3
       7
       4
      11
       1
       5
       9
       7
       3
       2
       5
       1
       3
       3
      10
       5
       3
       4
       0
       3
       2
       1
       4
       1
       2
       2
       0
       5
       0
       2
       1
       2
       2
       3
       1
       1
       2
       4
       1
       1
       2
       2
       0
       2
       0
       0
       0
       0
       0
       1
       2
       1
       0
       0
       1
       0
       0
       1
       1
       0
       0
       1
       2
       0
       0
       0
       0
       0
       0
       0
       0
       1
       0
       0
       1
       0
       0
       0
       1
       0
       2
       1
       1
       0
       0
       1
       1
       0
       0
       0
       0
       0
       0
       0
       0
       0
       0
       1
       0
       0
       0
       0
       0
       0
       0
       0
       0
       0
       0
       0
       0
       0
       0
       0
       0
       0
       0
       0
       1
       0
       0
       0
       0
       0
       0
       0
       0
       0
       0
       0
       0
       0
       0
       0
       0
       0
       0
       1
       0
       0
       0
       0
       0
       0
       0
       0
       0
       0
       0
       0
       0
       0
       0
       0
       0
       0
       0
       0
       0
       0
       0
       0
       0
       0
       0
       0
       0
       0
       0
       0
       0
       1
       0
       0
       1
       0
       0
       1
       0
       0
       2
       0
       0
       0
       0
       0
       0
       1
       0
       0
       0
       0
       0
       0
       0
       1
       0
       0
       0
       0
       0
       1
       0
       0
       0
       0
       0
       0
       0
       0
       0
       0
       0
       0
       0
       0
       1
       0
       1
       0
       0
       0
       0
       0
       0
       0
       0
       0
       0
       0
       0
       0
       0
       0
       1
       0
       0
       0
       0
       0
       0
       0
       0
       0
       1
       0
       0
       0
       0
       0
       0
       0
       0
       0
       0
       0
       0
       0
       0
       0
       1
       0
       0
       0
       0
       0
       0
       0
       0
       0
       0
       0
       0
       0
       0
       0
       0
       0
       0
       0
       0
       0
       0
       0
       0
       0
       0
       0
       0
       0
       0
       0
       0
       0
       0
       0
       0
       0
       0
       0
       0
       0
       0
       0
       0
       0
       0
       0
       0
       0
       0
       0
       0
       0
       0
       0
       0
       0
       0
       0
       0
       0
       0
       0
       0
       0
       0
       0
       0
       0
       0
       0
       0
       0
       0
       0
       0
       0
       0
       0
       0
       0
       0
       0
       0
       0
       0
       0
       0
       0
       0
       0
       0
       0
       0
       0
       0
       0
       0
       0
       0
       0
       0
       0
       0
       0
       0
       0
       0
       0
       0
       0
       0
       0
       0
       0
       0
       0
       0
       0
       0
       0
       0