       0
       0
       0
       0
       0
       1
     178
     997
     387
     312
     341
     415
     467
     273
     149
     156
     134
     160
     134
     141
     160
     140
     141
     144
     164
     120
     150
     151
     140
     143
     135
     144
     153
     165
     161
     171
     162
     176
     169
     186
     184
     211
     185
     196
     199
     182
     169
     165
     170
     189
     187
     191
     161
     189
     173
     178
     197
     181
     166
     190
     171
     177
     174
     173
     194
     170
     199
     181
     194
     189
     196
     208
     198
     188
     186
     179
     225
     195
     217
     188
     167
     204
     225
     223
     226
     242
     214
     235
     227
     237
     203
     254
     264
     266
     264
     251
     246
     266
     272
     267
     281
     277
     288
     276
     292
     282
     300
     289
     319
     282
     299
     301
     313
     311
     327
     311
     341
     319
     313
     355
     274
     303
     322
     341
     338
     350
     326
     326
     302
     316
     337
     357
     336
     359
     347
     324
     344
     378
     320
     346
     347
     356
     381
     358
     367
     357
     422
     375
     387
     334
     364
     370
     365
     391
     424
     378
     370
     424
     395
     397
     353
     374
     359
     388
     355
     342
     391
     377
     375
     354
     354
     385
     381
     384
     356
     381
     373
     387
     346
     348
     346
     391
     391
     349
     351
     350
     379
     364
     367
     349
     363
     333
     357
     343
     315
     351
     363
     348
     358
     328
     343
     354
     358
     403
     346
     353
     332
     347
     345
     350
     345
     354
     374
     388
     376
     378
     375
     380
     359
     363
     348
     383
     374
     361
     384
     339
     400
     386
     358
     359
     389
     361
     453
     398
     423
     411
     452
     410
     400
     391
     450
     446
     424
     428
     421
     422
     428
     429
     399
     415
     436
     396
     372
     398
     425
     362
     379
     389
     336
     380
     350
     383
     405
     347
     360
     335
     318
     347
     334
     321
     296
     298
     334
     292
     272
     263
     267
     308
     264
     262
     207
     269
     259
     235
     237
     221
     235
     237
     224
     250
     232
     201
     223
     213
     226
     195
     197
     194
     187
     186
     151
     194
     187
     188
     177
     183
     194
     196
     165
     167
     163
     193
     172
     175
     164
     166
     152
     149
     155
     141
     169
     151
     144
     178
     154
     155
     181
     152
     166
     144
     154
     129
     144
     131
     155
     138
     154
     171
     156
     133
     188
     134
     123
     145
     142
     155
     131
     135
     139
     135
     151
     154
     154
     135
     132
     132
     146
     121
     124
     142
     157
     116
     140
     162
     139
     134
     124
     157
     146
     157
     159
     134
     137
     147
     153
     125
     142
     160
     167
     139
     159
     146
     136
     136
     143
     136
     129
     126
     134
     145
     115
     129
     136
     150
     147
     148
     124
     126
     158
     127
     120
     113
     129
     125
     136
     116
     123
     129
     147
     139
     135
     133
     116
     120
     123
     135
     104
     123
     115
     105
     160
     146
     140
     119
     131
     123
     132
     102
     124
     124
     122
     123
     128
     154
     118
     110
     135
     110
     110
     113
     128
     135
     107
     132
     119
     128
     125
     117
     140
     123
     108
     120
     126
     118
     125
     117
     137
     142
     117
     127
     133
     121
     142
     109
     123
     128
     124
     120
     122
     119
     100
     127
     122
     105
     118
     122
     117
     130
     106
     125
     112
     123
     109
     134
     119
     141
     116
      98
     105
     125
     111
     121
     125
      92
     102
      94
     119
     111
     101
     117
     117
     106
     120
     103
     115
     125
     110
     103
     116
     118
     124
     100
     118
     111
     112
     118
     116
     102
     111
     105
     115
     119
      96
     122
     101
     100
     102
     131
     102
     116
     106
      97
     112
     106
     103
     100
     107
     112
     110
      94
      89
     107
     108
     100
      89
     105
      80
     101
      88
      84
     109
      96
      82
      99
      97
      79
      78
      88
      84
      89
      82
      72
      76
      76
      76
      74
      70
      72
      69
      60
      80
      54
      80
      87
      70
      61
      58
      56
      73
      70
      61
      52
      60
      61
      67
      59
      64
      62
      49
      48
      52
      49
      51
      59
      51
      47
      49
      45
      58
      42
      47
      47
      51
      51
      52
      42
      47
      40
      37
      42
      42
      39
      53
      52
      52
      37
      45
      35
      39
      38
      42
      39
      35
      41
      39
      38
      32
      44
      30
      35
      32
      40
      44
      34
      26
      27
      32
      39
      31
      39
      33
      32
      37
      32
      24
      31
      38
      26
      42
      29
      33
      37
      40
      25
      22
      19
      33
      32
      23
      29
      38
      40
      26
      31
      34
      27
      29
      42
      22
      31
      34
      39
      27
      31
      35
      29
      35
      40
      31
      38
      28
      31
      28
      21
      34
      29
      39
      26
      38
      28
      41
      38
      35
      35
      42
      25
      54
      38
      46
      44
      34
      32
      38
      48
      50
      33
      55
      49
      39
      39
      44
      32
      49
      47
      60
      42
      56
      60
      56
      52
      56
      45
      53
      57
      45
      60
      65
      68
      52
      70
      49
      82
      70
      71
      67
      71
      77
      74
      67
      83
      72
      80
      77
      98
     101
      94
      92
     110
     114
     119
     106
     114
     114
     105
     129
     138
     135
     134
     108
     130
     121
     153
     151
     139
     151
     152
     153
     141
     162
     151
     172
     182
     157
     170
     170
     181
     182
     180
     173
     206
     206
     182
     207
     171
     163
     191
     188
     198
     180
     182
     207
     165
     229
     200
     184
     193
     181
     180
     177
     189
     195
     180
     163
     173
     163
     151
     154
     167
     165
     165
     144
     148
     137
     150
     148
     123
     131
     130
     135
     123
     122
     114
     114
     115
     115
      94
     102
     133
      90
      96
      80
      77
      65
      74
      73
      58
      64
      67
      62
      54
      43
      49
      42
      46
      38
      39
      40
      44
      27
      30
      39
      21
      35
      32
      17
      27
      22
      22
      19
      15
      16
      12
      14
      16
      21
       6
      15
       6
       5
       7
       7
       9
       3
       4
       6
       6
       4
       4
       6
       4
       2
       2
       3
       4
       4
       3
       3
       2
       2
       2
       5
       2
       1
       3
       0
       3
       2
       2
       1
       2
       3
       3
       3
       0
       0
       0
       0
       3
       0
       1
       1
       0
       2
       0
       2
       0
       0
       2
       0
       0
       0
       1
       1
       0
       2
       1
       1
       1
       1
       2
       3
       1
       2
       0
       3
       2
       0
       0
       1
       2
       1
       2
       2
       0
       0
       1
       1
       1
       0
       0
       1
       0
       0
       1
       1
       2
       1
       1
       0
       0
       0
       0
       2
       0
       2
       0
       2
       0
       0
       1
       0
       1
       0
       0
       3
       0
       2
       0
       1
       2
       1
       1
       1
       1
       0
       2
       0
       1
       0
       0
       3
       1
       1
       1
       4
       1
       0
       0
       1
       0
       3
       2
       1
       1
       1
       1
       1
       0
       0
       1
       0
       0
       0
       1
       1
       0
       3
       0
       2
       0
       2
       0
       1
       0
       2
       1
       3
       1
       2
       0
       5
       2
       1
       1
       0
       2
       2
       2
       0
       1
       0
       3
       0
       2
       0
       1
       1
       2
       1
       1
       0
       0
       0
       1
       1
       3
       0
       1
       0
       0
       0
       1
       1
       0
       0
       1
       2
       0
       0
       0
       1
       0
       1
       1
       2
       2
       1
       0
       0
       1
       2
       1
       0
       0
       0
       1
       0
       1
       2
       4
       0
       0
       1
       1
       1
       1
       0
       1
       0
       0
       0
       3
       0
       2
       1
       1
       0
       2
       0
       0
       0
       0
       3
       2
       1
       0
       1
       0
       0
       1
       0
       0
       1
       0
       3
       1
       0
       0
       0
       1
       1
       0
       0
       1
       1
       0
       1
       0
       0
       0
       0
       0
       0
       1
       1
       0
       0
       0
       0
       0
       1
       1
       0
       0
       1
       1
       0
       1
       0
       0
       1
       0
       2
       1
       1
       0
       0
       0
       1
       0
       1
       1
       1
       1
       1
       0
       1
       0
       0
       2
       0
       0
       0
       0
       0
       1
       0
       2
       1
       0
       0
       0
       0
       2
       0
       0
       1
       0
       1
       1
       1
       1
       3
       3
       1
       1
       2
       0
       1
       0
       0
       2
       0
       0
       0
       2
       0
       1
       1
       4
       0
       0
       1
       0
       1
       3
       0
       1
       1
       2
       1
       0
       0
       0
       1
       1
       2
       0
       1
       0
       0
       0
       0
       0
       2
       0
       0
       0
       1
       0
       0
       1
       0
       0
       0
       1
       0
       1
       0
       0
       1
       0
       0
       1
       0
       1
       0
       1
       0
       0
       1
       1
       1
       0
       1
       0
       3
       0
       0
       1
       2
       0
       1
       0
       0
       1
       0
       1
       0
       1
       1
       0
       0
       2
       0
       0
       0
       1
       0
       0
       1
       2
       2
       2
       1
       1
       0
       0
       0
       1
       0
       3
       0
       0
       0
       0
       0
       0
       0
       1
       0
       0
       0
       1
       0
       1
       1
       0
       1
       1
       0
       0
       1
       1
       0
       1
       0
       2
       1
       0
       1
       0
       1
       3
       0
       3
       0
       0
       0
       0
       2
       1
       2
       0
       0
       0
       1
       0
       0
       0
       0
       0
       1
       0
       1
       1
       1
       1
       0
       1
       0
       3
       1
       1
       1
       0
       3
       0
       0
       0
       1
       0
       0
       1
       0
       1
       1
       0
       1
       2
       0
       1
       2
       0
       2
       0
       0
       1
       0
       1
       0
       1
       0
       1
       1
       0
       0
       2
       0
       2
       1
       1
       0
       0
       0
       0
       0
       0
       0
       0
       1
       0
       0
       0
       3
       1
       0
       0
       0
       0
       1
       0
       0
       0
       1
       0
       0
       0
       0
       1
       0
       0
       0
       0
       0
       0
       0
       0
       0
       0
       0
       1
       0
       2
       2
       0
       0
       1
       1
       1
       0
       0
       1
       0
       1
       0
       0
       0
       0
       0
       0
       0
       0
       1
       0
       0
       0
       0
       0
       0
       0
       0
       3
       1
       0
       1
       0
       0
       0
       1
       2
       1
       0
       0
       0
       2
       0
       1
       0
       0
       0
       1
       0
       0
       1
       0
       0
       0
       0
       0
       1
       1
       0
       2
       0
       0
       0
       0
       1
       0
       1
       1
       1
       0
       1
       1
       0
       2
       2
       1
       0
       0
       1
       0
       0
       0
       0
       0
       1
       1
       1
       0
       0
       1
       1
       1
       0
       0
       1
       1
       0
       1
       0
       0
       2
       0
       1
       1
       0
       1
       0
       3
       0
       0
       0
       0
       0
       0
       1
       0
       0
       0
       1
       0
       0
       0
       0
       0
       0
       0
       0
       0
       3
       0
       1
       0
       0
       0
       0
       0
       0
       0
       0
       0
       0
       0
       0
       1
       0
       0
       0
       0
       0
       0
       2
       0
       0
       0
       0
       0
       4
       0
       0
       1
       0
       0
       0
       2
       0
       0
       0
       0
       0
       0
       0
       0
       0
       0
       0
       0
       0
       0
       0
       0
       0
       0
       1
       0
       2
       0
       0
       0
       1
       0
       0
       0
       0
       2
       0
       0
       0
       1
       0
       0
       0
       0
       0
       0
       0
       0
       0
       0
       0
       0
       0
       0
       0
       1
       0
       0
       0
       1
       0
       0
       0
       0
       0
       0
       0
       0
       0
       0
       0
       0
       0
       0
       0
       0
       0
       0
       0
       0
       0
       0
       0
       0
       0
       0
       0
       0
       0
       0
       0
       1
       0
       0
       0
       0
       1
       0
       0
       0
       0
       0
       0
       0
       0
       0
       0
       0
       1
       1
       0
       0
       0
       0
       0
       0
       0
       0
       0
       0
       1
       0
       0
       0
       0
       0
       0
       0
       0
       0
       0
       0
       0
       0
       0
       0
       0
       0
       0
       0
       0
       0
       0
       0
       0
       0
       0
       0
       0
       0
       1
       0
       0
       0
       0
       0
       0
       0
       0
       0
       0
       0
       0
       0
       0
       0
       0
       0
       0
       0
       0
       0
       0
       0
       0
       0
       0
       0
       0
       0
       0
       0
       0
       0
       0
       0
       0
       0
       0
       0
       0
       0
       0
       0
       0
       0
       0
       0
       0
       0
       0
       0
       0
       0
       0
       0
       0
       0
       0
       0
       0
       0
       0
       0
       0
       0
       0
       0
       0
       0
       0
       0
       0
       0
       0
       0
       0
       0
       0
       0
       0
       0
       0
       0
       0
       0
       0
       0
       0
       1
       0
       0
       0
       0
       0
       0
       0
       0
       0
       0
       0
       0
       0
       0
       0
       0
       0
       0
       0
       0
       0
       0
       0
       0
       0
       0
       0
       1
       0
       0
       0
       0
       0
       0
       0
       0
       0
       0
       0
       0
       0
       0
       0
       0
       0
       0
       0
       0
       0
       0
       1
       0
       0
       0
       0
       0
       0
       0
       0
       0
       0
       0
       0
       0
       0
       0
       0
       0
       0
       0
       0
       0
       0
       0
       0
       0
       0
       0
       0
       0
       0
       0
       0
       0
       0
       0
       0
       0
       0
       0
       0
       0
       0
       0
       0
       0
       0
       0
       0
       0
       0
       0
       0
       0
       0
       0
       0
       0
       0
       0
       0
       0
       0
       0
       0
       0
       0
       0
       0
       0
       0
       0
       0
       0
       0
       0
       0
       0
       0
       0
       0
       0
       0
       0
       0
       0
       0
       0
       0
       0
       0
       0
       0
       0
       0
       0
       0
       0
       0
       0
       0
       0
       0
       0
       0
       0
       0
       0
       0
       0
       0
       0
       0
       0
       0
       0
       0
       0
       0
       0
       0
       0
       0
       0
       0
       0
       0
       0
       0
       0
       0
       0
       0
       0
       0
       0
       0
       0
       0
       0
       0
       0
       0
       0
       0
       0