       0
       0
       0
       0
       1
       0
     129
     848
     243
     188
     181
     182
     184
     104
      99
     101
     101
      90
      80
     100
      74
      81
     103
      88
      81
     102
      98
      93
      97
     112
      88
     102
     111
     116
     117
     108
     109
     101
     134
     115
     128
     137
     125
     138
     129
     148
     122
     132
     131
     153
     128
     116
     115
     112
     120
     112
     120
     107
     116
      94
     104
     109
     115
     101
     101
     101
     111
     130
     122
     113
     123
     133
     134
     124
     125
     143
     125
     119
     125
     136
     120
     166
     138
     152
     155
     140
     162
     165
     154
     177
     144
     154
     152
     153
     163
     141
     170
     187
     183
     175
     167
     186
     211
     208
     218
     200
     199
     179
     194
     204
     226
     224
     203
     216
     215
     224
     206
     195
     196
     211
     194
     231
     199
     181
     216
     193
     181
     169
     196
     181
     179
     181
     199
     167
     162
     180
     199
     170
     185
     166
     170
     193
     166
     177
     173
     188
     147
     195
     167
     169
     171
     180
     168
     186
     211
     201
     186
     184
     188
     161
     177
     143
     183
     171
     193
     161
     182
     187
     187
     175
     170
     151
     175
     178
     182
     187
     198
     170
     187
     190
     164
     170
     162
     190
     192
     191
     190
     186
     194
     173
     206
     160
     182
     194
     182
     193
     189
     209
     166
     189
     216
     182
     187
     186
     185
     168
     186
     206
     222
     208
     194
     229
     190
     221
     207
     219
     195
     190
     198
     219
     191
     203
     189
     198
     212
     232
     216
     211
     226
     247
     201
     246
     201
     239
     249
     255
     243
     244
     274
     257
     263
     221
     226
     247
     244
     261
     266
     237
     261
     260
     297
     283
     240
     239
     262
     238
     246
     260
     248
     239
     231
     240
     241
     211
     237
     209
     234
     197
     218
     198
     204
     195
     169
     198
     210
     174
     171
     158
     155
     172
     148
     149
     160
     154
     150
     141
     164
     128
     124
     133
     144
     117
     119
     119
     115
     111
     111
     106
     110
      96
      87
      90
      96
     107
     112
     113
      74
     107
     101
      91
     105
      96
      99
      94
      96
      73
      80
      83
      88
      89
      77
      86
      86
      90
      78
      90
      90
      96
      86
      82
      75
      78
      79
      80
      68
      91
      85
      85
      78
      74
      80
      70
      94
      68
      68
      74
      80
      76
      80
      81
      74
      79
      71
      86
      74
      83
      79
      89
      65
     100
      80
      81
      73
      75
      66
      82
      77
      90
      78
      78
      79
      78
      74
      83
      63
      75
      99
      74
      92
      91
      76
      64
      88
      88
      72
      87
      86
      74
      70
      88
      68
      88
      73
      81
      73
      71
      89
      83
      87
      92
      88
      70
      92
      84
      78
      73
      79
      84
      84
      78
      91
      79
      92
      94
      90
      86
      69
      76
      83
      84
     103
      84
      75
      80
      73
      77
      76
      89
      71
      97
      81
      68
      93
      73
      80
      82
      84
      68
      75
      70
      80
      68
      59
      77
      96
      73
      88
      80
      64
      84
      76
      66
      54
      93
      69
      75
      89
      91
      80
      79
      90
      80
      71
      88
      82
      78
      71
      83
      86
      74
      95
      74
      89
      86
      92
      72
      73
      76
      84
      95
      85
      82
      70
      77
      75
      88
      74
      75
      75
      95
      76
      80
      88
      78
      75
      86
      84
      71
      91
      77
      70
      64
      77
      72
      66
      68
      69
      83
      77
      81
      64
      73
      70
      65
      79
      80
      80
      76
      71
      68
      75
      76
      66
      75
      73
      79
      84
      71
      74
      78
      91
      76
      79
      72
      89
      72
      83
      62
      84
      71
      74
      77
      65
      82
      72
      70
      72
      74
      65
      78
      55
      64
      60
      58
      69
      61
      64
      64
      53
      56
      57
      65
      70
      60
      55
      58
      52
      61
      51
      76
      43
      61
      67
      49
      61
      48
      48
      65
      48
      45
      44
      33
      55
      46
      48
      38
      37
      48
      41
      48
      53
      39
      35
      40
      36
      37
      36
      40
      42
      42
      37
      39
      32
      38
      38
      29
      32
      29
      33
      33
      36
      21
      30
      23
      21
      21
      37
      31
      27
      28
      26
      22
      25
      24
      31
      44
      20
      26
      33
      25
      31
      26
      35
      30
      17
      27
      19
      23
      27
      15
      21
      20
      27
      22
      15
      21
      17
      26
      16
      17
      25
      18
      26
      28
      21
      28
      21
      22
      23
      21
      22
      26
      27
      19
      23
      36
      22
      24
      29
      20
      20
      21
      22
      11
      20
      25
      25
      15
      34
      17
      22
      15
      20
      23
      20
      20
      23
      25
      18
      22
      28
      12
      13
      24
      27
      19
      20
      23
      28
      29
      21
      22
      32
      31
      27
      26
      28
      30
      25
      21
      33
      25
      23
      33
      28
      34
      34
      24
      48
      43
      32
      36
      44
      37
      33
      43
      40
      38
      44
      33
      35
      44
      41
      50
      45
      43
      41
      48
      55
      59
      59
      58
      60
      59
      66
      59
      68
      70
      58
      78
      78
      74
      70
      69
      73
      83
      81
      75
      83
      87
      86
      69
     100
     105
      97
      97
      97
     103
     121
     120
     127
     107
     123
     102
     130
     127
     139
     123
     137
     126
     127
     127
     125
     143
     116
     129
     143
     143
     140
     156
     148
     137
     127
     140
     150
     132
     132
     123
     125
     145
     145
     123
     149
     140
     152
     161
     138
     130
     137
     145
     147
     150
     112
     121
     120
     130
     113
     130
      99
     124
     114
     104
     137
     113
      96
     104
     104
      92
      99
      83
      70
      76
      67
      82
      67
      73
      76
      72
      70
      72
      66
      52
      48
      57
      59
      41
      43
      39
      46
      39
      36
      39
      48
      35
      34
      28
      30
      18
      35
      24
      22
      24
      18
      14
      12
      13
      15
       7
      17
      13
       5
      18
       7
       5
       6
       9
       8
       4
       5
       6
       7
       4
       2
       3
       6
       5
       3
       5
       5
       2
       7
       5
       4
       3
       0
       1
       2
       2
       1
       1
       1
       0
       2
       1
       0
       2
       0
       0
       0
       1
       3
       1
       2
       0
       0
       3
       0
       1
       0
       1
       1
       1
       1
       3
       1
       1
       0
       2
       1
       0
       0
       1
       0
       0
       1
       0
       0
       0
       0
       0
       1
       1
       2
       1
       2
       2
       1
       1
       1
       0
       2
       1
       0
       2
       1
       1
       0
       2
       0
       1
       2
       1
       0
       0
       0
       1
       1
       1
       5
       0
       2
       2
       0
       0
       1
       1
       1
       0
       2
       3
       1
       1
       1
       0
       1
       2
       2
       0
       0
       1
       0
       1
       0
       0
       2
       1
       2
       1
       1
       0
       1
       0
       1
       2
       0
       1
       1
       0
       0
       0
       1
       0
       2
       0
       1
       0
       0
       2
       1
       0
       1
       2
       0
       2
       1
       1
       0
       0
       1
       0
       1
       0
       1
       0
       2
       1
       3
       0
       0
       1
       0
       0
       0
       1
       1
       0
       2
       2
       1
       0
       1
       0
       2
       2
       0
       0
       0
       2
       2
       1
       1
       1
       0
       0
       0
       0
       0
       2
       0
       2
       0
       0
       1
       0
       0
       0
       0
       1
       0
       1
       0
       2
       0
       0
       1
       0
       1
       1
       2
       0
       1
       0
       1
       1
       0
       0
       0
       0
       1
       0
       0
       0
       2
       2
       1
       0
       0
       1
       1
       0
       2
       1
       0
       0
       0
       0
       4
       1
       1
       3
       1
       0
       0
       0
       0
       0
       0
       0
       2
       0
       1
       1
       0
       0
       2
       1
       1
       1
       1
       2
       0
       0
       0
       1
       0
       0
       3
       0
       0
       1
       0
       0
       1
       1
       2
       1
       0
       0
       1
       0
       1
       1
       0
       2
       1
       1
       0
       2
       3
       0
       2
       0
       2
       1
       0
       0
       0
       0
       0
       1
       1
       3
       0
       0
       0
       0
       0
       2
       0
       1
       0
       0
       0
       0
       0
       1
       1
       0
       1
       1
       2
       1
       0
       1
       0
       1
       1
       2
       0
       1
       1
       0
       1
       1
       0
       0
       1
       2
       0
       1
       0
       0
       0
       0
       0
       0
       1
       0
       0
       0
       1
       2
       1
       2
       0
       0
       2
       1
       1
       0
       2
       1
       0
       1
       0
       2
       0
       0
       1
       0
       0
       2
       1
       1
       0
       0
       0
       1
       0
       1
       1
       0
       0
       2
       1
       0
       0
       3
       0
       0
       0
       0
       0
       0
       1
       0
       0
       2
       2
       0
       0
       1
       0
       2
       0
       1
       1
       0
       1
       2
       1
       1
       0
       1
       0
       0
       2
       1
       1
       0
       1
       1
       1
       0
       0
       1
       0
       0
       2
       1
       1
       1
       0
       1
       1
       2
       1
       0
       0
       0
       2
       0
       0
       0
       1
       0
       0
       0
       0
       2
       1
       1
       0
       0
       0
       1
       0
       0
       0
       3
       0
       0
       1
       0
       0
       0
       1
       0
       0
       1
       0
       0
       2
       0
       1
       1
       0
       1
       2
       1
       1
       0
       1
       1
       0
       2
       0
       2
       0
       3
       3
       0
       2
       2
       2
       3
       0
       1
       0
       1
       0
       0
       0
       1
       1
       1
       0
       0
       0
       1
       0
       0
       1
       0
       1
       1
       1
       0
       1
       0
       1
       1
       1
       1
       1
       0
       0
       1
       1
       0
       1
       1
       0
       1
       0
       0
       0
       0
       0
       0
       1
       0
       0
       1
       1
       0
       1
       0
       1
       0
       1
       0
       0
       0
       0
       0
       0
       0
       2
       0
       0
       0
       0
       0
       2
       1
       2
       0
       1
       0
       2
       1
       0
       0
       0
       1
       0
       0
       0
       1
       0
       0
       0
       0
       0
       0
       0
       2
       0
       0
       1
       0
       0
       0
       0
       2
       0
       0
       1
       0
       0
       0
       0
       1
       0
       0
       0
       0
       0
       1
       0
       0
       1
       0
       0
       1
       0
       0
       0
       0
       1
       0
       0
       0
       0
       0
       0
       1
       0
       0
       0
       0
       2
       0
       1
       2
       0
       0
       0
       0
       0
       0
       0
       0
       0
       0
       0
       2
       0
       0
       1
       0
       0
       1
       0
       0
       0
       0
       0
       0
       2
       0
       0
       0
       0
       0
       0
       1
       1
       1
       0
       1
       0
       0
       0
       1
       0
       0
       0
       0
       1
       1
       0
       0
       1
       1
       1
       0
       1
       0
       1
       0
       0
       0
       0
       1
       0
       0
       0
       0
       0
       2
       0
       0
       1
       0
       2
       0
       0
       0
       0
       0
       0
       0
       1
       0
       0
       0
       0
       1
       0
       0
       0
       1
       0
       0
       2
       1
       0
       0
       0
       2
       0
       1
       0
       0
       0
       0
       0
       0
       0
       0
       0
       0
       0
       0
       0
       1
       0
       0
       0
       0
       1
       1
       0
       0
       0
       0
       0
       0
       0
       0
       0
       0
       0
       1
       0
       0
       2
       1
       0
       1
       0
       0
       0
       0
       1
       0
       1
       0
       0
       0
       0
       0
       0
       0
       2
       0
       0
       0
       0
       0
       0
       0
       0
       1
       0
       0
       0
       0
       0
       0
       0
       0
       0
       0
       0
       0
       0
       0
       0
       0
       0
       0
       1
       0
       0
       0
       1
       0
       0
       0
       0
       0
       0
       0
       0
       0
       0
       0
       0
       1
       0
       1
       0
       0
       0
       0
       0
       0
       0
       1
       0
       0
       0
       0
       0
       0
       0
       0
       0
       0
       0
       0
       0
       1
       0
       0
       0
       0
       0
       1
       0
       1
       1
       0
       0
       0
       0
       0
       0
       0
       0
       0
       0
       0
       0
       0
       0
       0
       0
       0
       0
       0
       0
       0
       0
       0
       0
       1
       0
       0
       0
       0
       0
       0
       1
       0
       0
       0
       0
       0
       0
       0
       0
       0
       0
       0
       0
       0
       0
       0
       0
       0
       0
       0
       0
       0
       0
       0
       1
       0
       0
       0
       0
       0
       0
       0
       0
       0
       0
       0
       0
       0
       0
       0
       0
       0
       0
       0
       0
       0
       0
       0
       0
       0
       0
       0
       0
       0
       0
       0
       0
       0
       0
       0
       0
       0
       0
       0
       0
       0
       0
       0
       0
       0
       0
       0
       0
       0
       0
       0
       0
       0
       0
       0
       0
       0
       0
       0
       0
       0
       0
       0
       0
       0
       0
       0
       0
       0
       0
       1
       0
       0
       0
       0
       0
       0
       0
       0
       0
       0
       0
       0
       0
       0
       0
       0
       0
       0
       0
       0
       0
       0
       0
       0
       0
       0
       0
       0
       0
       0
       0
       0
       0
       0
       0
       0
       0
       0
       0
       0
       0
       0
       0
       0
       0
       0
       0
       0
       0
       0
       0
       1
       0
       0
       0
       0
       0
       0
       0
       0
       0
       1
       0
       0
       0
       0
       0
       0
       0
       0
       0
       0
       0
       0
       0
       0
       0
       0
       0
       0
       0
       0
       0
       0
       0
       0
       0
       0
       0
       0
       0
       0
       0
       0
       0
       0
       0
       0
       0
       0
       0
       0
       0
       0
       0
       0
       0
       0
       0
       0
       0
       0
       0
       0
       0
       0
       0
       0
       0
       0
       0
       0
       0
       0
       0
       0
       0
       0
       0
       0
       0
       0
       0
       0
       0
       0
       0
       0
       0
       0
       0
       0
       0
       0
       0
       0
       0
       0
       0
       0
       0
       0
       0
       0
       0
       0
       0
       0
       0
       0
       0
       0
       0
       0
       0
       0
       0
       0
       0
       0
       0
       0
       0
       0
       0
       0