       0
       0
       0
       0
       0
       0
     140
     809
     238
     170
     165
     161
     175
      91
      57
      30
      36
      34
      46
      22
      35
      38
      44
      26
      44
      29
      35
      34
      32
      31
      35
      45
      49
      41
      43
      52
      60
      55
      61
      77
      61
      77
      77
      71
      81
      85
      83
      79
      59
      74
      56
      58
      56
      47
      47
      51
      60
      60
      44
      39
      54
      47
      39
      50
      49
      48
      47
      61
      57
      66
      67
      51
      64
      63
      53
      61
      58
      69
      52
      66
      57
      81
      72
      77
      85
      78
      78
      77
      70
      81
      74
      85
      90
      94
      86
     100
      82
      74
      94
      88
      97
      91
      82
     110
     100
      98
     109
     108
      90
      91
      86
      93
      95
      95
      91
      88
     115
      94
      95
     119
     102
     118
     104
      97
     106
      94
      92
      86
     102
     110
      98
     113
      98
     101
      98
     102
     109
      97
      98
     106
      90
     111
     116
     111
      92
     123
     112
     115
     116
      76
     110
     107
     110
     100
     115
     107
     124
      97
     148
     100
     126
     136
     110
      93
     117
      94
     122
     107
     112
     112
      97
     116
     134
     101
      97
     109
     107
      97
     106
     119
     113
     114
      84
     120
      92
     102
     112
     106
      98
      98
     105
     108
     105
      97
     103
      98
     115
     106
     127
     104
     119
     121
     128
      99
     110
     148
     111
     101
     107
     105
      90
     129
     120
     132
     119
     119
     137
     114
     109
     116
     139
     121
     107
     120
     119
     132
     122
     114
     153
     124
     131
     119
     168
     141
     136
     167
     142
     148
     167
     158
     164
     129
     155
     151
     154
     153
     159
     148
     156
     154
     147
     150
     166
     177
     144
     168
     142
     159
     167
     156
     158
     140
     135
     145
     151
     130
     103
     134
     138
      94
     121
      97
      98
     122
      69
      97
      90
      95
     100
      90
      93
      98
      72
      72
      67
      74
      66
      54
      57
      60
      60
      58
      40
      45
      64
      53
      51
      50
      42
      46
      37
      53
      43
      37
      46
      34
      34
      36
      32
      38
      33
      40
      38
      24
      29
      43
      33
      26
      35
      40
      24
      30
      28
      31
      19
      36
      20
      15
      36
      24
      29
      21
      27
      28
      24
      22
      32
      28
      32
      27
      37
      17
      20
      19
      20
      19
      18
      21
      21
      26
      27
      15
      23
      27
      17
      22
      29
      28
      25
      15
      24
      25
      17
      20
      21
      19
      21
      26
      16
      29
      30
      28
      21
      18
      21
      25
      20
      28
      25
      28
      21
      18
      21
      28
      28
      26
      21
      26
      19
      17
      21
      20
      24
      22
      30
      23
      27
      19
      26
      33
      28
      25
      25
      33
      20
      17
      20
      24
      22
      19
      31
      28
      38
      30
      16
      19
      19
      29
      21
      21
      17
      20
      28
      19
      22
      29
      17
      23
      20
      19
      32
      24
      26
      26
      22
      27
      19
      16
      36
      25
      25
      24
      23
      20
      22
      27
      21
      22
      23
      28
      24
      32
      20
      20
      18
      27
      21
      19
      25
      20
      23
      23
      16
      18
      18
      23
      26
      29
      25
      19
      18
      33
      21
      22
      28
      23
      23
      25
      24
      28
      20
      15
      28
      32
      28
      21
      25
      15
      30
      28
      21
      28
      31
      21
      22
      19
      17
      21
      21
      20
      19
      25
      25
      27
      27
      24
      31
      21
      27
      18
      33
      22
      29
      26
      16
      22
      20
      17
      19
      22
      14
      27
      27
      36
      19
      22
      19
      25
      19
      22
      19
      18
      20
      21
      22
      25
      18
      23
      14
      28
      20
      22
      27
      17
      19
      20
      23
      22
      14
      12
      15
      17
      21
      16
      14
      19
      22
      21
      22
      25
      23
      22
      24
      26
      19
      20
      16
      20
      16
      19
      21
      19
      17
      15
      18
      14
      17
      19
      12
      12
      19
      19
      21
      16
      19
       7
      12
      17
      19
      13
      10
      15
      12
      12
      14
       9
      14
      12
      14
      14
      14
      12
      17
      14
      20
      10
      13
      13
      17
      11
      15
      14
      13
      11
      14
      11
       9
      10
      17
      18
      11
       7
      15
      13
      13
       8
      12
      11
      12
      12
      12
       7
      13
       6
      10
       7
      11
      10
      17
      15
      11
       9
       5
      21
       7
      13
      13
       8
      12
       8
      10
      10
      10
       8
      14
      10
       8
      11
      14
       5
       8
      11
       9
       6
      10
       6
       6
       5
      13
      10
       9
       6
       7
      14
       8
       8
       9
      12
       7
      21
      10
      16
      13
       8
       8
       9
      11
       8
      11
      10
       8
      18
       9
       9
      11
      15
      10
       8
       9
       8
      13
      14
      16
      10
       9
      15
      10
      14
      11
      11
      13
      12
      13
      13
      13
      11
      15
      12
      16
      17
      12
      23
      18
      13
      10
      15
      14
      13
       9
      17
       8
      10
      15
      16
      13
      11
      17
      23
      13
      15
      18
      19
      12
      23
      10
      21
      20
      16
      19
      23
      14
      20
      23
      21
      20
      17
      22
      22
      24
      13
      28
      25
      22
      26
      27
      31
      37
      24
      29
      29
      28
      29
      30
      24
      25
      35
      28
      41
      32
      27
      32
      28
      37
      28
      24
      29
      43
      41
      36
      45
      33
      39
      43
      44
      28
      42
      29
      31
      34
      47
      33
      34
      31
      33
      27
      37
      37
      37
      34
      38
      30
      37
      25
      39
      41
      35
      33
      35
      20
      33
      22
      37
      35
      24
      28
      18
      25
      23
      33
      25
      21
      24
      21
      19
      18
      21
      19
      20
      18
      12
      15
      21
      12
      13
      13
      16
      13
      10
      11
      17
      13
      10
       7
       7
       5
      12
       7
      11
       7
       8
       3
       6
       2
       3
       6
       2
       5
       1
       5
       1
       1
       2
       0
       5
       3
       4
       2
       2
       3
       3
       1
       1
       1
       0
       1
       2
       2
       1
       5
       1
       2
       1
       1
       0
       0
       1
       0
       0
       2
       1
       0
       2
       2
       0
       2
       1
       1
       0
       2
       0
       0
       0
       2
       0
       0
       3
       1
       1
       3
       1
       1
       1
       0
       1
       2
       2
       0
       1
       0
       1
       1
       0
       1
       1
       1
       0
       0
       0
       0
       1
       1
       2
       1
       2
       3
       0
       0
       0
       1
       1
       0
       2
       0
       1
       3
       0
       0
       1
       1
       0
       0
       1
       0
       0
       0
       2
       2
       1
       2
       0
       2
       2
       1
       1
       2
       1
       0
       1
       1
       1
       0
       0
       0
       2
       1
       0
       0
       1
       0
       1
       0
       2
       0
       2
       0
       0
       1
       0
       0
       2
       0
       1
       2
       0
       1
       0
       0
       4
       2
       0
       0
       0
       1
       0
       0
       0
       0
       1
       0
       2
       2
       0
       1
       4
       1
       0
       1
       2
       1
       1
       0
       0
       1
       0
       0
       1
       0
       1
       0
       1
       0
       0
       2
       0
       1
       2
       3
       2
       0
       1
       0
       1
       2
       1
       0
       1
       2
       2
       1
       0
       0
       1
       0
       0
       1
       2
       1
       0
       1
       2
       1
       1
       0
       3
       2
       0
       2
       2
       0
       0
       1
       0
       1
       1
       0
       1
       0
       0
       1
       1
       2
       2
       1
       2
       1
       1
       0
       1
       1
       0
       0
       0
       0
       0
       1
       0
       0
       0
       1
       2
       1
       0
       1
       1
       1
       0
       0
       0
       0
       0
       0
       2
       0
       0
       0
       1
       0
       1
       0
       0
       1
       2
       0
       1
       0
       1
       0
       2
       1
       1
       1
       1
       0
       0
       0
       0
       0
       0
       0
       0
       0
       0
       0
       2
       2
       1
       1
       1
       0
       2
       0
       1
       0
       1
       2
       1
       1
       0
       1
       1
       1
       0
       2
       0
       0
       0
       0
       1
       2
       1
       0
       1
       0
       1
       0
       0
       0
       1
       1
       0
       1
       0
       0
       2
       1
       0
       0
       0
       0
       0
       2
       0
       0
       1
       1
       0
       1
       0
       1
       0
       0
       0
       2
       0
       1
       1
       0
       1
       1
       1
       0
       0
       3
       0
       0
       0
       0
       2
       1
       0
       1
       0
       2
       0
       1
       1
       0
       0
       0
       0
       0
       0
       1
       0
       0
       1
       1
       0
       0
       0
       1
       1
       0
       1
       0
       0
       1
       1
       0
       1
       1
       0
       0
       1
       0
       1
       1
       1
       1
       2
       0
       0
       1
       0
       0
       0
       1
       1
       0
       0
       1
       0
       0
       0
       1
       0
       1
       0
       1
       1
       0
       1
       1
       0
       1
       1
       1
       1
       0
       1
       0
       0
       0
       0
       0
       0
       0
       0
       0
       1
       1
       0
       0
       0
       1
       0
       1
       0
       0
       1
       0
       0
       1
       1
       0
       0
       1
       1
       1
       1
       1
       1
       0
       1
       0
       1
       0
       0
       0
       0
       1
       0
       0
       2
       1
       0
       1
       0
       2
       0
       1
       2
       0
       0
       0
       0
       1
       1
       2
       0
       0
       0
       1
       0
       2
       0
       1
       1
       0
       2
       0
       2
       1
       2
       0
       0
       0
       0
       1
       0
       0
       2
       0
       2
       0
       1
       0
       1
       0
       2
       0
       2
       1
       0
       2
       0
       0
       1
       1
       1
       0
       1
       0
       2
       1
       0
       2
       1
       0
       2
       1
       0
       1
       0
       0
       1
       1
       1
       0
       0
       0
       0
       0
       0
       1
       2
       1
       1
       1
       0
       2
       0
       0
       1
       1
       0
       1
       0
       0
       2
       1
       1
       0
       0
       0
       0
       0
       0
       0
       1
       0
       0
       0
       1
       1
       1
       0
       0
       1
       0
       1
       1
       0
       1
       2
       0
       0
       0
       0
       0
       1
       2
       0
       1
       0
       0
       0
       0
       1
       1
       0
       0
       0
       0
       0
       1
       1
       0
       2
       0
       0
       0
       0
       0
       0
       0
       2
       0
       1
       0
       0
       0
       0
       0
       0
       1
       2
       0
       0
       1
       0
       0
       0
       1
       0
       0
       0
       0
       0
       0
       0
       2
       1
       2
       1
       1
       0
       0
       0
       1
       1
       0
       1
       1
       0
       0
       0
       0
       0
       0
       0
       0
       2
       0
       0
       1
       0
       0
       2
       1
       0
       0
       0
       2
       0
       0
       0
       0
       1
       0
       0
       0
       3
       1
       1
       0
       0
       1
       0
       0
       1
       0
       0
       1
       0
       0
       1
       0
       0
       0
       0
       1
       0
       0
       0
       0
       0
       0
       0
       0
       1
       0
       0
       0
       0
       0
       0
       0
       0
       0
       1
       0
       0
       0
       2
       1
       0
       2
       0
       0
       0
       0
       1
       0
       1
       1
       0
       0
       0
       0
       0
       0
       0
       0
       1
       0
       1
       0
       2
       0
       0
       0
       0
       0
       2
       0
       0
       0
       0
       0
       0
       0
       0
       0
       0
       0
       0
       0
       0
       0
       0
       0
       0
       0
       0
       0
       0
       0
       0
       1
       0
       0
       0
       1
       0
       0
       0
       0
       0
       0
       0
       0
       0
       0
       0
       0
       0
       0
       0
       0
       0
       0
       0
       0
       0
       0
       0
       0
       0
       0
       0
       0
       0
       0
       1
       0
       0
       0
       0
       0
       0
       0
       0
       0
       1
       0
       0
       0
       0
       0
       0
       0
       0
       0
       0
       0
       0
       0
       0
       1
       0
       0
       0
       0
       0
       0
       0
       0
       0
       0
       0
       2
       0
       0
       0
       0
       0
       1
       0
       0
       0
       0
       0
       0
       0
       0
       0
       0
       0
       0
       0
       0
       0
       0
       0
       1
       0
       0
       1
       0
       0
       0
       0
       0
       0
       0
       0
       0
       0
       0
       0
       0
       0
       0
       0
       0
       0
       0
       0
       0
       0
       0
       0
       0
       0
       0
       0
       0
       0
       1
       1
       0
       0
       0
       0
       0
       0
       0
       1
       0
       0
       0
       0
       0
       1
       0
       0
       0
       0
       0
       0
       0
       0
       0
       0
       0
       0
       0
       0
       1
       0
       0
       0
       0
       0
       0
       0
       0
       0
       0
       0
       0
       0
       0
       0
       0
       0
       0
       0
       0
       0
       0
       0
       0
       0
       0
       0
       0
       0
       0
       0
       0
       0
       0
       0
       0
       0
       0
       0
       0
       0
       0
       0
       0
       0
       0
       0
       0
       0
       0
       0
       0
       0
       0
       0
       0
       1
       0
       0
       0
       0
       0
       0
       0
       0
       0
       0
       0
       0
       0
       0
       0
       0
       0
       0
       0
       0
       0
       0
       0
       0
       0
       0
       0
       0
       0
       0
       0
       0
       0
       0
       0
       0
       0
       0
       0
       0
       0
       0
       0
       0
       0
       0
       0
       0
       0
       0
       0
       0
       0
       0
       0
       0
       0
       0
       0
       0
       0
       0
       0
       0
       0
       0
       0
       0
       0
       0
       0
       0
       0
       0
       0
       0
       0
       0
       0
       0
       0
       0
       0
       0
       0
       0
       0
       0
       0
       0
       0
       0
       0
       0
       0
       0
       0
       0
       0
       0
       0
       0
       0
       0
       0
       0
       0
       0
       0
       0
       0
       0
       0
       0
       0
       0
       0
       0
       0
       0
       0
       0
       0
       0
       0
       0
       0
       0
       0
       0
       0
       0
       0
       0
       0
       0
       0
       0
       0
       0
       0
       0
       0
       0
       0
       0
       0
       0
       0
       0
       0
       0
       0
       0
       0
       0
       0
       0
       0
       0
       0
       0
       0
       0
       0
       0
       0
       0
       0
       0
       0