       0
       0
       0
       0
       0
       1
     178
    1038
     386
     317
     307
     258
     261
     239
     167
     105
     117
     120
     119
     122
     126
      96
     112
     106
     100
     119
     122
     111
     115
     124
     143
     106
     121
     129
     112
     117
     114
     142
     149
     138
     156
     146
     145
     125
     157
     135
     134
     140
     122
     137
     140
     122
     137
     146
     136
     126
     142
     151
     139
     129
     140
     127
     142
     125
     133
     129
     147
     144
     154
     162
     142
     145
     133
     166
     131
     163
     152
     154
     156
     167
     188
     170
     171
     164
     199
     194
     184
     193
     171
     206
     242
     196
     224
     212
     210
     225
     228
     223
     230
     221
     252
     222
     227
     243
     254
     237
     238
     271
     251
     267
     235
     261
     243
     297
     275
     263
     321
     280
     304
     284
     296
     289
     295
     315
     299
     297
     297
     291
     335
     331
     331
     302
     328
     325
     276
     337
     310
     315
     321
     349
     304
     309
     316
     337
     309
     323
     333
     317
     312
     355
     333
     366
     320
     347
     344
     325
     336
     307
     348
     318
     338
     325
     354
     340
     312
     356
     356
     331
     339
     335
     319
     321
     304
     336
     318
     340
     321
     343
     291
     310
     349
     311
     289
     302
     297
     314
     302
     302
     309
     327
     294
     297
     299
     311
     296
     267
     274
     328
     319
     300
     317
     290
     277
     284
     312
     303
     295
     292
     276
     278
     288
     326
     281
     278
     299
     291
     297
     326
     261
     322
     286
     304
     310
     298
     306
     300
     302
     305
     288
     309
     280
     290
     319
     341
     291
     327
     332
     293
     310
     305
     280
     306
     322
     346
     279
     319
     314
     307
     312
     310
     317
     310
     301
     298
     280
     316
     266
     315
     283
     261
     274
     276
     266
     269
     268
     270
     226
     266
     293
     237
     246
     217
     242
     222
     244
     190
     201
     209
     228
     211
     204
     198
     162
     217
     188
     200
     182
     197
     153
     199
     172
     160
     181
     164
     153
     138
     155
     141
     150
     154
     143
     170
     141
     151
     147
     137
     144
     142
     135
     130
     144
     125
     102
     123
     151
     132
     123
     116
     123
     117
     119
     136
     128
     114
     117
     121
     116
     105
     116
     109
     124
     128
     134
     106
     139
     124
     126
     125
      99
     121
     111
      99
     111
     119
     103
     126
      90
     104
     104
     130
     134
     128
     102
      93
     120
     104
     125
     121
     104
     117
     100
     115
     108
     119
     101
     124
     114
     122
     107
     111
     100
     106
      88
      95
     111
      95
     107
     111
     117
      95
     118
     106
     103
     106
      96
     108
     102
     117
     111
     111
     117
     100
      99
      81
      95
      97
     101
     105
      90
     106
     103
     102
      96
     113
     111
      96
      82
     104
      97
      95
     103
      99
      80
      83
     112
      93
     119
     102
      90
      92
     101
      99
      90
     106
     121
     109
      83
      97
      95
     102
     101
      79
      98
      75
     105
      95
     104
     106
     114
      82
     106
      91
     104
      81
      87
      75
      90
      93
     106
     101
      81
      89
      88
      85
     102
      98
      93
      98
     100
      98
      74
      94
     101
      96
      84
     109
      83
      96
      78
      87
      73
      90
      76
      92
      88
      66
     100
      70
      91
      77
      86
      97
      81
      85
      93
     104
      93
      85
      85
      82
     114
      88
     102
      92
      77
      96
      89
      84
      84
      94
      92
      96
      98
      98
      87
      88
      90
      89
      78
      71
      93
      91
      99
      77
      94
      90
      85
      87
      85
      90
      82
      68
      81
      70
      88
      78
      75
      86
      86
      83
      74
      70
      74
      70
      80
      79
      91
      59
      64
      77
      63
      78
      75
      69
      61
      67
      67
      72
      71
      75
      80
      58
      73
      74
      71
      63
      59
      52
      57
      54
      68
      66
      82
      55
      48
      77
      68
      70
      56
      70
      74
      61
      69
      55
      69
      48
      52
      46
      57
      67
      54
      59
      47
      62
      59
      52
      53
      54
      49
      48
      47
      41
      40
      50
      44
      45
      45
      42
      45
      47
      45
      41
      39
      42
      45
      38
      44
      31
      48
      36
      35
      58
      46
      51
      33
      46
      45
      34
      31
      42
      31
      44
      40
      34
      38
      34
      34
      41
      43
      36
      32
      33
      37
      38
      44
      38
      38
      37
      30
      39
      40
      31
      29
      35
      38
      28
      34
      37
      27
      32
      33
      39
      29
      31
      28
      25
      30
      19
      21
      33
      27
      29
      24
      39
      34
      29
      26
      32
      35
      31
      28
      30
      26
      34
      30
      32
      39
      42
      26
      24
      24
      36
      32
      30
      38
      32
      30
      46
      22
      24
      33
      35
      34
      27
      44
      36
      33
      38
      34
      28
      48
      34
      37
      39
      31
      33
      31
      28
      27
      37
      28
      30
      26
      36
      34
      35
      39
      40
      47
      39
      38
      29
      32
      44
      34
      38
      41
      42
      32
      47
      41
      48
      33
      51
      43
      50
      56
      39
      54
      53
      68
      46
      74
      52
      59
      49
      62
      59
      56
      65
      62
      72
      73
      60
      61
      54
      67
      87
      56
      87
      64
      60
      92
      89
      95
      87
      87
      81
      80
      92
      75
      94
      86
      92
     110
     100
     101
      89
     115
      90
      98
      93
      94
     104
      90
      97
     113
      95
      98
      95
     111
     101
     100
     104
     123
     112
     102
      94
      93
      88
     104
     107
      92
      95
     111
      92
     106
      98
      91
      91
      87
      95
      74
      90
      83
      75
      80
      80
      65
      73
      91
      64
      80
      76
      74
      68
      92
      56
      69
      73
      64
      55
      45
      57
      54
      43
      30
      44
      44
      34
      28
      34
      32
      31
      33
      29
      26
      23
      24
      26
      27
      17
      19
      21
      15
      17
      16
      10
      13
      24
      18
      16
       9
      17
      10
       5
       9
       2
      10
      23
       5
      11
       2
       8
       1
       5
       1
       5
       3
       4
       3
       2
       4
       2
       2
       1
       2
       1
       2
       2
       2
       2
       2
       2
       0
       1
       2
       1
       1
       0
       1
       1
       1
       0
       1
       0
       1
       5
       2
       0
       2
       1
       0
       2
       0
       2
       0
       2
       1
       1
       2
       0
       0
       1
       2
       0
       1
       1
       2
       0
       2
       0
       0
       1
       1
       1
       1
       0
       0
       1
       1
       1
       0
       0
       0
       1
       0
       0
       1
       0
       1
       1
       2
       0
       2
       0
       1
       0
       1
       0
       5
       0
       0
       3
       1
       2
       0
       0
       0
       1
       0
       0
       0
       1
       0
       0
       2
       0
       0
       2
       0
       1
       2
       3
       0
       0
       0
       0
       0
       0
       0
       0
       1
       2
       0
       2
       0
       0
       1
       1
       1
       0
       0
       3
       0
       0
       0
       0
       1
       2
       1
       0
       1
       1
       3
       0
       2
       1
       2
       2
       2
       0
       1
       0
       0
       0
       0
       2
       0
       1
       2
       2
       0
       0
       2
       1
       0
       0
       0
       2
       3
       1
       1
       1
       0
       1
       0
       0
       4
       0
       0
       2
       2
       0
       1
       0
       2
       1
       1
       0
       1
       0
       0
       2
       0
       0
       0
       0
       1
       0
       1
       2
       0
       4
       3
       1
       0
       1
       2
       3
       2
       3
       0
       1
       0
       0
       1
       0
       2
       0
       0
       0
       2
       1
       1
       1
       2
       0
       0
       0
       0
       0
       0
       1
       1
       3
       0
       0
       0
       1
       0
       1
       0
       0
       0
       0
       0
       1
       0
       1
       0
       2
       0
       0
       0
       1
       1
       0
       0
       1
       0
       1
       2
       1
       0
       1
       1
       0
       1
       0
       0
       2
       1
       2
       0
       2
       1
       0
       0
       0
       0
       4
       1
       2
       1
       1
       0
       0
       0
       0
       1
       0
       1
       0
       0
       0
       1
       1
       1
       0
       2
       0
       2
       1
       1
       0
       0
       0
       0
       0
       0
       0
       0
       0
       1
       0
       0
       0
       1
       1
       0
       0
       1
       0
       0
       1
       1
       1
       0
       0
       1
       0
       0
       0
       0
       1
       2
       1
       0
       1
       0
       0
       1
       1
       0
       0
       1
       0
       1
       0
       0
       0
       0
       1
       0
       0
       0
       0
       0
       0
       1
       1
       1
       1
       2
       1
       1
       0
       0
       0
       1
       2
       1
       0
       1
       0
       1
       1
       1
       0
       0
       2
       2
       1
       0
       1
       0
       0
       0
       2
       1
       0
       0
       3
       1
       1
       0
       1
       1
       2
       0
       1
       0
       1
       0
       0
       1
       1
       0
       0
       0
       0
       1
       0
       1
       0
       0
       1
       0
       0
       1
       0
       0
       1
       1
       1
       0
       1
       0
       0
       0
       0
       2
       2
       0
       0
       0
       0
       1
       1
       0
       1
       0
       0
       0
       0
       0
       1
       0
       0
       0
       0
       0
       2
       2
       0
       0
       1
       1
       0
       1
       0
       2
       0
       0
       0
       0
       0
       1
       2
       0
       2
       0
       2
       2
       0
       2
       2
       1
       0
       1
       1
       0
       0
       0
       0
       1
       0
       0
       0
       0
       0
       2
       0
       0
       2
       0
       1
       0
       0
       0
       1
       1
       0
       1
       1
       0
       2
       1
       1
       1
       1
       1
       2
       0
       0
       1
       0
       0
       1
       0
       0
       1
       0
       0
       1
       2
       0
       0
       0
       0
       1
       0
       0
       0
       0
       0
       0
       0
       0
       0
       0
       0
       1
       1
       1
       2
       1
       1
       0
       0
       0
       1
       1
       0
       0
       0
       1
       0
       0
       1
       0
       0
       1
       1
       0
       1
       1
       0
       2
       0
       0
       2
       0
       1
       0
       0
       0
       0
       2
       0
       1
       0
       0
       0
       1
       0
       0
       0
       1
       1
       1
       1
       1
       0
       0
       0
       0
       0
       0
       0
       1
       0
       0
       0
       0
       0
       0
       0
       0
       1
       1
       0
       1
       0
       0
       0
       0
       0
       0
       0
       0
       1
       2
       0
       1
       1
       0
       0
       2
       0
       1
       0
       0
       0
       1
       2
       1
       0
       1
       0
       0
       0
       0
       0
       1
       0
       0
       0
       0
       0
       0
       1
       0
       0
       0
       2
       0
       2
       1
       0
       1
       0
       2
       1
       0
       4
       0
       0
       0
       1
       0
       0
       0
       0
       0
       0
       1
       0
       1
       1
       1
       0
       0
       2
       1
       1
       0
       0
       1
       0
       1
       0
       1
       0
       1
       1
       0
       0
       0
       0
       1
       0
       1
       0
       1
       0
       0
       1
       0
       0
       1
       0
       1
       0
       0
       0
       0
       0
       1
       2
       0
       0
       1
       1
       0
       0
       0
       0
       1
       0
       0
       0
       0
       0
       1
       1
       0
       0
       0
       0
       2
       0
       0
       1
       0
       0
       1
       0
       0
       1
       0
       0
       0
       0
       1
       0
       0
       1
       0
       0
       0
       0
       0
       0
       0
       0
       1
       0
       0
       0
       0
       0
       0
       0
       0
       0
       0
       0
       0
       0
       0
       0
       0
       0
       0
       0
       1
       0
       0
       0
       0
       0
       0
       0
       1
       0
       0
       0
       0
       0
       0
       0
       0
       1
       0
       0
       0
       0
       0
       0
       0
       0
       0
       0
       1
       0
       0
       0
       0
       1
       0
       1
       0
       0
       0
       0
       0
       0
       1
       0
       0
       0
       0
       0
       0
       0
       0
       0
       0
       0
       0
       0
       0
       0
       0
       0
       0
       0
       0
       1
       0
       0
       0
       0
       0
       0
       0
       0
       0
       0
       0
       0
       0
       0
       0
       0
       0
       0
       0
       0
       0
       0
       0
       0
       0
       0
       0
       0
       0
       0
       0
       0
       0
       0
       0
       0
       0
       0
       0
       0
       0
       0
       0
       0
       0
       0
       0
       0
       0
       0
       0
       0
       0
       0
       0
       0
       0
       0
       0
       0
       0
       0
       0
       0
       0
       0
       0
       0
       0
       0
       0
       0
       0
       0
       0
       0
       0
       0
       0
       0
       0
       0
       0
       0
       0
       0
       0
       0
       0
       0
       0
       0
       0
       0
       0
       0
       0
       0
       0
       0
       0
       0
       0
       0
       0
       0
       0
       0
       0
       1
       0
       0
       0
       0
       0
       0
       0
       0
       0
       0
       0
       0
       0
       0
       0
       0
       0
       0
       0
       0
       0
       0
       0
       0
       1
       0
       0
       0
       0
       0
       0
       0
       0
       0
       0
       0
       0
       0
       0
       0
       0
       0
       0
       0
       0
       0
       0
       0
       0
       0
       0
       0
       0
       0
       0
       0
       0
       0
       0
       0
       0
       0
       0
       0
       0
       0
       0
       0
       0
       0
       0
       0
       0
       0
       0
       0
       0
       0
       0
       0
       0
       0
       1
       0
       0
       0
       0
       0
       0
       0
       0
       0
       0
       0
       0
       0
       0
       0
       0
       0
       0
       0
       0
       0
       0
       0
       0
       0
       1
       0
       0
       0
       0
       0
       0
       0
       0
       0
       0
       0
       0
       0
       0
       0
       0
       0
       0
       0
       0
       0
       0
       0
       0
       0
       0
       0
       0
       0
       0
       0
       0
       0
       0
       0
       0
       0
       0
       0
       0
       0
       0
       0
       0
       0
       0
       0
       0
       0
       0
       0
       0
       0
       0
       0
       0
       0
       0
       0
       0
       0
       0
       0
       0
       0
       0
       0
       0
       0
       0
       0
       0
       0
       0
       0
       0
       0
       0
       0
       0
       0
       0
       0
       0
       0
       0
       0
       0
       0
       0
       0
       0
       0
       0
       0
       0
       0
       0
       0
       0
       0
       0
       0
       0
       0
       0
       0
       0